D3YWI5_1-52	1.28	1.26	1.22	1.16	1.08	0.99	0.88	0.77	0.65	0.52	0.39	0.27	0.15	0.04	-0.06	-0.15	-0.23	-0.28	-0.33	-0.35	-0.37	-0.36	-0.35	-0.32	-0.28	-0.23	-0.18	-0.13	-0.07	-0.02	0.04	0.08	0.13	0.16	0.19	0.21	0.22	0.22	0.22	0.21	0.19	0.17	0.15	0.12	0.10	0.07	0.05	0.03	0.01	-0.00	-0.01	-0.02	
D3YWI5_1-52	1.12	1.10	1.06	1.01	0.94	0.86	0.76	0.66	0.55	0.44	0.33	0.22	0.11	0.01	-0.08	-0.15	-0.22	-0.27	-0.31	-0.33	-0.34	-0.33	-0.32	-0.29	-0.25	-0.21	-0.16	-0.11	-0.06	-0.01	0.04	0.08	0.12	0.15	0.17	0.19	0.20	0.20	0.20	0.19	0.18	0.16	0.14	0.12	0.10	0.08	0.06	0.04	0.03	0.02	0.02	0.01	
D3YWI5_1-52	0.91	0.89	0.86	0.82	0.76	0.69	0.62	0.53	0.44	0.35	0.26	0.17	0.09	0.01	-0.06	-0.12	-0.17	-0.21	-0.23	-0.25	-0.25	-0.24	-0.22	-0.20	-0.17	-0.13	-0.09	-0.05	-0.00	0.04	0.07	0.10	0.13	0.15	0.16	0.17	0.16	0.16	0.14	0.12	0.10	0.07	0.04	0.01	-0.01	-0.04	-0.06	-0.08	-0.10	-0.11	-0.11	-0.11	
D3YWI5_1-52	1.07	1.05	1.02	0.97	0.90	0.82	0.73	0.63	0.52	0.42	0.31	0.20	0.11	0.01	-0.07	-0.14	-0.20	-0.24	-0.27	-0.29	-0.30	-0.29	-0.27	-0.24	-0.20	-0.16	-0.11	-0.06	-0.01	0.03	0.07	0.11	0.14	0.16	0.18	0.18	0.18	0.17	0.15	0.13	0.10	0.07	0.03	0.00	-0.03	-0.06	-0.09	-0.11	-0.13	-0.14	-0.15	-0.15	
D3YWI5_1-52	1.34	1.32	1.28	1.22	1.15	1.06	0.97	0.86	0.74	0.62	0.50	0.38	0.27	0.16	0.06	-0.03	-0.11	-0.17	-0.22	-0.26	-0.28	-0.29	-0.29	-0.28	-0.25	-0.23	-0.19	-0.15	-0.12	-0.08	-0.04	-0.01	0.02	0.04	0.06	0.06	0.07	0.06	0.05	0.03	0.01	-0.02	-0.04	-0.07	-0.10	-0.13	-0.15	-0.18	-0.19	-0.21	-0.21	-0.22	
D3YWI5_1-52	1.46	1.44	1.39	1.34	1.26	1.17	1.06	0.95	0.82	0.69	0.57	0.44	0.32	0.20	0.10	0.00	-0.08	-0.15	-0.20	-0.24	-0.26	-0.27	-0.27	-0.26	-0.23	-0.20	-0.17	-0.13	-0.09	-0.05	-0.01	0.02	0.05	0.06	0.08	0.08	0.08	0.07	0.05	0.03	-0.00	-0.03	-0.07	-0.10	-0.13	-0.16	-0.19	-0.22	-0.24	-0.25	-0.26	-0.26	
D3YWI5_1-52	1.26	1.24	1.19	1.13	1.05	0.96	0.85	0.74	0.61	0.48	0.35	0.23	0.11	-0.00	-0.11	-0.19	-0.27	-0.33	-0.37	-0.39	-0.40	-0.40	-0.38	-0.35	-0.32	-0.27	-0.22	-0.17	-0.11	-0.06	-0.01	0.04	0.07	0.10	0.13	0.14	0.15	0.14	0.13	0.11	0.09	0.07	0.04	0.01	-0.02	-0.05	-0.07	-0.10	-0.11	-0.12	-0.13	-0.13	
D3YWI5_1-52	0.59	0.58	0.55	0.52	0.48	0.42	0.37	0.30	0.23	0.16	0.09	0.01	-0.06	-0.12	-0.18	-0.24	-0.29	-0.33	-0.36	-0.38	-0.39	-0.39	-0.38	-0.37	-0.35	-0.32	-0.29	-0.26	-0.22	-0.18	-0.14	-0.10	-0.06	-0.03	0.01	0.03	0.06	0.08	0.09	0.11	0.11	0.12	0.12	0.11	0.11	0.10	0.09	0.08	0.07	0.06	0.05	0.04	
D3YWI5_1-52	1.08	1.06	1.04	0.99	0.94	0.87	0.80	0.72	0.63	0.54	0.45	0.36	0.27	0.19	0.11	0.05	-0.01	-0.06	-0.10	-0.12	-0.14	-0.15	-0.15	-0.14	-0.12	-0.10	-0.07	-0.05	-0.02	0.01	0.03	0.05	0.07	0.08	0.09	0.09	0.09	0.08	0.06	0.04	0.02	-0.00	-0.03	-0.05	-0.08	-0.10	-0.12	-0.14	-0.15	-0.15	-0.16	-0.15	
D3YWI5_1-52	1.84	1.81	1.76	1.68	1.57	1.45	1.31	1.15	0.99	0.82	0.65	0.48	0.32	0.17	0.04	-0.08	-0.18	-0.26	-0.31	-0.35	-0.37	-0.37	-0.35	-0.32	-0.28	-0.23	-0.17	-0.11	-0.05	0.00	0.06	0.10	0.14	0.16	0.17	0.18	0.17	0.15	0.13	0.09	0.05	0.01	-0.03	-0.08	-0.12	-0.16	-0.19	-0.22	-0.23	-0.24	-0.25	-0.24	
D3YWI5_5-56	1.29	1.27	1.22	1.16	1.09	0.99	0.88	0.77	0.64	0.52	0.39	0.26	0.14	0.03	-0.07	-0.16	-0.24	-0.30	-0.34	-0.37	-0.39	-0.39	-0.37	-0.35	-0.31	-0.27	-0.22	-0.17	-0.11	-0.06	-0.01	0.03	0.07	0.10	0.12	0.14	0.15	0.15	0.14	0.13	0.12	0.10	0.08	0.05	0.03	0.01	-0.00	-0.01	-0.02	-0.03	-0.02	-0.02	
D3YWI5_5-56	1.12	1.10	1.07	1.01	0.94	0.86	0.76	0.66	0.55	0.43	0.32	0.21	0.10	-0.00	-0.09	-0.17	-0.24	-0.29	-0.33	-0.36	-0.37	-0.36	-0.35	-0.32	-0.29	-0.25	-0.21	-0.16	-0.11	-0.06	-0.02	0.02	0.05	0.08	0.10	0.12	0.12	0.12	0.12	0.11	0.09	0.07	0.05	0.04	0.02	-0.00	-0.01	-0.02	-0.03	-0.03	-0.03	-0.02	
D3YWI5_5-56	0.94	0.92	0.89	0.84	0.78	0.71	0.62	0.53	0.44	0.34	0.24	0.14	0.05	-0.03	-0.11	-0.17	-0.22	-0.26	-0.29	-0.30	-0.30	-0.29	-0.27	-0.23	-0.20	-0.15	-0.11	-0.06	-0.01	0.03	0.07	0.11	0.14	0.16	0.17	0.17	0.17	0.16	0.14	0.12	0.09	0.06	0.03	-0.00	-0.04	-0.06	-0.09	-0.11	-0.13	-0.14	-0.15	-0.15	
D3YWI5_5-56	1.12	1.10	1.06	1.01	0.93	0.84	0.74	0.64	0.52	0.40	0.29	0.17	0.07	-0.03	-0.12	-0.19	-0.25	-0.30	-0.33	-0.34	-0.34	-0.33	-0.30	-0.26	-0.22	-0.17	-0.11	-0.06	-0.00	0.05	0.09	0.13	0.16	0.19	0.20	0.20	0.20	0.18	0.16	0.13	0.10	0.06	0.02	-0.01	-0.05	-0.08	-0.11	-0.14	-0.15	-0.17	-0.17	-0.17	
D3YWI5_5-56	1.30	1.28	1.25	1.20	1.13	1.05	0.96	0.86	0.75	0.64	0.53	0.41	0.31	0.20	0.11	0.02	-0.05	-0.11	-0.16	-0.20	-0.23	-0.24	-0.24	-0.23	-0.22	-0.19	-0.16	-0.13	-0.10	-0.06	-0.03	0.00	0.03	0.05	0.07	0.08	0.08	0.08	0.07	0.06	0.04	0.02	0.00	-0.02	-0.05	-0.07	-0.10	-0.12	-0.13	-0.15	-0.16	-0.17	
D3YWI5_5-56	1.40	1.38	1.35	1.29	1.22	1.14	1.04	0.93	0.82	0.70	0.58	0.46	0.35	0.24	0.14	0.05	-0.03	-0.10	-0.15	-0.19	-0.22	-0.23	-0.23	-0.22	-0.20	-0.17	-0.14	-0.11	-0.07	-0.03	0.00	0.04	0.06	0.09	0.10	0.11	0.11	0.11	0.10	0.08	0.06	0.03	0.00	-0.03	-0.06	-0.09	-0.12	-0.14	-0.17	-0.19	-0.20	-0.21	
D3YWI5_5-56	1.25	1.23	1.19	1.13	1.05	0.96	0.86	0.74	0.62	0.50	0.37	0.25	0.13	0.02	-0.08	-0.17	-0.25	-0.31	-0.35	-0.38	-0.40	-0.40	-0.39	-0.36	-0.33	-0.29	-0.25	-0.20	-0.15	-0.10	-0.05	-0.01	0.02	0.05	0.07	0.09	0.09	0.09	0.09	0.07	0.05	0.03	0.01	-0.02	-0.04	-0.07	-0.09	-0.11	-0.12	-0.13	-0.14	-0.14	
D3YWI5_5-56	0.64	0.63	0.60	0.57	0.53	0.48	0.42	0.35	0.28	0.21	0.14	0.07	-0.00	-0.07	-0.13	-0.19	-0.24	-0.28	-0.32	-0.34	-0.36	-0.37	-0.37	-0.36	-0.35	-0.33	-0.30	-0.28	-0.25	-0.22	-0.19	-0.16	-0.13	-0.10	-0.07	-0.05	-0.03	-0.02	-0.01	0.00	0.01	0.01	0.01	0.01	0.01	0.01	0.01	0.00	0.00	0.00	0.01	0.01	
D3YWI5_5-56	1.07	1.06	1.03	0.99	0.93	0.87	0.79	0.71	0.62	0.53	0.44	0.35	0.26	0.18	0.11	0.04	-0.01	-0.06	-0.09	-0.12	-0.13	-0.13	-0.13	-0.11	-0.09	-0.07	-0.04	-0.01	0.03	0.06	0.09	0.11	0.13	0.14	0.15	0.15	0.15	0.14	0.12	0.10	0.08	0.05	0.02	-0.01	-0.03	-0.06	-0.09	-0.11	-0.12	-0.14	-0.14	-0.15	
D3YWI5_5-56	1.80	1.78	1.72	1.64	1.54	1.42	1.28	1.13	0.97	0.81	0.64	0.48	0.32	0.18	0.04	-0.07	-0.17	-0.25	-0.30	-0.34	-0.36	-0.36	-0.34	-0.31	-0.27	-0.22	-0.17	-0.11	-0.05	0.01	0.06	0.11	0.14	0.17	0.19	0.19	0.19	0.17	0.15	0.12	0.08	0.04	-0.00	-0.05	-0.09	-0.13	-0.16	-0.19	-0.21	-0.22	-0.23	-0.23	
