P01942_1-52	1.36	1.34	1.30	1.25	1.17	1.08	0.98	0.87	0.75	0.62	0.50	0.37	0.25	0.13	0.03	-0.07	-0.15	-0.22	-0.28	-0.32	-0.35	-0.36	-0.36	-0.35	-0.33	-0.30	-0.27	-0.23	-0.18	-0.14	-0.09	-0.05	-0.01	0.03	0.06	0.08	0.10	0.12	0.12	0.13	0.12	0.12	0.11	0.10	0.09	0.07	0.06	0.05	0.04	0.03	0.03	0.02	
P01942_1-52	1.26	1.24	1.20	1.15	1.08	1.00	0.91	0.81	0.70	0.58	0.47	0.35	0.24	0.14	0.04	-0.05	-0.12	-0.19	-0.24	-0.28	-0.30	-0.31	-0.32	-0.31	-0.29	-0.26	-0.23	-0.19	-0.15	-0.11	-0.07	-0.03	0.00	0.03	0.06	0.08	0.10	0.11	0.12	0.12	0.12	0.11	0.10	0.09	0.08	0.07	0.06	0.05	0.05	0.04	0.04	0.03	
P01942_1-52	0.94	0.93	0.90	0.85	0.79	0.73	0.65	0.56	0.47	0.38	0.29	0.19	0.11	0.03	-0.04	-0.10	-0.15	-0.19	-0.22	-0.23	-0.23	-0.22	-0.20	-0.18	-0.14	-0.11	-0.06	-0.02	0.02	0.06	0.10	0.14	0.16	0.18	0.19	0.20	0.20	0.19	0.17	0.15	0.13	0.10	0.07	0.04	0.00	-0.03	-0.05	-0.08	-0.10	-0.11	-0.12	-0.13	
P01942_1-52	1.11	1.09	1.05	1.00	0.93	0.85	0.76	0.66	0.55	0.44	0.33	0.23	0.12	0.03	-0.05	-0.13	-0.19	-0.23	-0.27	-0.28	-0.29	-0.28	-0.26	-0.23	-0.19	-0.15	-0.10	-0.05	0.00	0.05	0.09	0.13	0.16	0.19	0.20	0.21	0.21	0.20	0.18	0.15	0.12	0.09	0.05	0.02	-0.02	-0.06	-0.09	-0.12	-0.14	-0.16	-0.18	-0.18	
P01942_1-52	1.25	1.23	1.19	1.14	1.08	1.00	0.91	0.81	0.70	0.59	0.48	0.37	0.27	0.17	0.08	-0.01	-0.08	-0.13	-0.18	-0.21	-0.23	-0.24	-0.24	-0.23	-0.21	-0.19	-0.16	-0.13	-0.10	-0.07	-0.04	-0.01	0.01	0.02	0.03	0.03	0.03	0.02	0.01	-0.01	-0.03	-0.05	-0.08	-0.10	-0.12	-0.14	-0.16	-0.17	-0.18	-0.18	-0.18	-0.17	
P01942_1-52	1.22	1.21	1.17	1.12	1.05	0.96	0.87	0.77	0.66	0.55	0.43	0.32	0.22	0.12	0.03	-0.04	-0.11	-0.16	-0.20	-0.22	-0.23	-0.23	-0.22	-0.19	-0.16	-0.13	-0.09	-0.05	-0.01	0.03	0.06	0.09	0.11	0.12	0.12	0.12	0.11	0.09	0.06	0.03	-0.00	-0.04	-0.08	-0.12	-0.15	-0.18	-0.21	-0.23	-0.25	-0.26	-0.26	-0.26	
P01942_1-52	1.18	1.16	1.13	1.07	1.01	0.93	0.84	0.74	0.64	0.53	0.43	0.32	0.22	0.13	0.04	-0.03	-0.10	-0.15	-0.19	-0.21	-0.23	-0.23	-0.22	-0.21	-0.18	-0.15	-0.12	-0.09	-0.05	-0.02	0.01	0.03	0.05	0.07	0.07	0.07	0.07	0.06	0.04	0.02	0.00	-0.02	-0.05	-0.07	-0.09	-0.11	-0.13	-0.14	-0.15	-0.15	-0.14	-0.13	
P01942_1-52	0.73	0.72	0.70	0.66	0.62	0.56	0.50	0.43	0.36	0.29	0.22	0.15	0.09	0.03	-0.02	-0.07	-0.10	-0.13	-0.14	-0.15	-0.15	-0.14	-0.13	-0.11	-0.09	-0.06	-0.03	-0.01	0.02	0.04	0.05	0.06	0.07	0.07	0.07	0.06	0.05	0.03	0.01	-0.01	-0.03	-0.05	-0.07	-0.08	-0.10	-0.10	-0.11	-0.11	-0.10	-0.09	-0.08	-0.06	
P01942_1-52	1.17	1.15	1.12	1.07	1.00	0.92	0.83	0.74	0.63	0.52	0.41	0.31	0.20	0.10	0.02	-0.06	-0.13	-0.19	-0.23	-0.26	-0.28	-0.28	-0.28	-0.26	-0.23	-0.20	-0.16	-0.12	-0.08	-0.04	0.00	0.04	0.07	0.10	0.12	0.14	0.15	0.15	0.15	0.14	0.12	0.10	0.08	0.06	0.03	0.01	-0.01	-0.03	-0.05	-0.07	-0.07	-0.08	
P01942_1-52	1.64	1.62	1.57	1.50	1.41	1.30	1.18	1.05	0.90	0.75	0.61	0.46	0.32	0.18	0.06	-0.04	-0.14	-0.21	-0.27	-0.31	-0.34	-0.35	-0.34	-0.33	-0.30	-0.26	-0.22	-0.18	-0.14	-0.09	-0.05	-0.02	0.01	0.03	0.04	0.05	0.04	0.03	0.02	-0.01	-0.03	-0.06	-0.09	-0.12	-0.15	-0.17	-0.19	-0.20	-0.21	-0.21	-0.20	-0.19	
P01942_17-68	1.37	1.35	1.31	1.25	1.17	1.07	0.96	0.85	0.72	0.60	0.47	0.35	0.23	0.12	0.02	-0.06	-0.13	-0.18	-0.22	-0.24	-0.25	-0.24	-0.22	-0.20	-0.16	-0.12	-0.08	-0.03	0.01	0.05	0.08	0.10	0.12	0.13	0.12	0.11	0.09	0.06	0.02	-0.02	-0.06	-0.11	-0.16	-0.20	-0.24	-0.28	-0.31	-0.33	-0.35	-0.36	-0.35	-0.34	
P01942_17-68	1.26	1.24	1.20	1.14	1.07	0.98	0.88	0.77	0.66	0.54	0.42	0.31	0.20	0.10	0.01	-0.06	-0.13	-0.17	-0.21	-0.23	-0.23	-0.22	-0.20	-0.18	-0.14	-0.10	-0.06	-0.02	0.02	0.06	0.09	0.11	0.13	0.13	0.13	0.12	0.09	0.07	0.03	-0.01	-0.05	-0.10	-0.14	-0.18	-0.22	-0.26	-0.29	-0.31	-0.32	-0.33	-0.33	-0.32	
P01942_17-68	0.95	0.93	0.90	0.86	0.80	0.73	0.65	0.57	0.48	0.39	0.29	0.20	0.11	0.03	-0.05	-0.11	-0.17	-0.21	-0.25	-0.27	-0.28	-0.29	-0.28	-0.26	-0.24	-0.21	-0.18	-0.14	-0.11	-0.07	-0.04	-0.01	0.02	0.04	0.05	0.06	0.07	0.07	0.06	0.05	0.04	0.02	0.01	-0.01	-0.02	-0.04	-0.05	-0.06	-0.07	-0.07	-0.07	-0.06	
P01942_17-68	1.13	1.11	1.08	1.02	0.95	0.87	0.78	0.68	0.57	0.46	0.35	0.24	0.13	0.03	-0.06	-0.14	-0.20	-0.26	-0.30	-0.32	-0.34	-0.34	-0.33	-0.31	-0.28	-0.24	-0.20	-0.16	-0.12	-0.08	-0.04	-0.00	0.03	0.05	0.07	0.08	0.09	0.08	0.08	0.06	0.05	0.03	0.01	-0.01	-0.03	-0.05	-0.06	-0.07	-0.08	-0.08	-0.08	-0.07	
P01942_17-68	1.25	1.23	1.20	1.14	1.07	0.98	0.89	0.78	0.67	0.55	0.43	0.32	0.21	0.10	0.01	-0.07	-0.14	-0.20	-0.24	-0.26	-0.27	-0.27	-0.25	-0.23	-0.19	-0.15	-0.10	-0.04	0.01	0.06	0.11	0.16	0.20	0.23	0.25	0.27	0.27	0.27	0.26	0.24	0.21	0.18	0.14	0.11	0.07	0.03	-0.01	-0.04	-0.07	-0.10	-0.12	-0.13	
P01942_17-68	1.19	1.17	1.14	1.09	1.02	0.94	0.84	0.74	0.63	0.52	0.40	0.29	0.18	0.08	-0.02	-0.10	-0.17	-0.23	-0.28	-0.31	-0.33	-0.33	-0.32	-0.30	-0.27	-0.23	-0.19	-0.14	-0.09	-0.03	0.02	0.07	0.11	0.15	0.18	0.21	0.23	0.24	0.24	0.24	0.23	0.21	0.19	0.16	0.14	0.11	0.08	0.05	0.03	0.00	-0.01	-0.03	
P01942_17-68	1.18	1.16	1.12	1.07	1.00	0.92	0.83	0.72	0.62	0.50	0.39	0.28	0.17	0.08	-0.01	-0.09	-0.16	-0.21	-0.25	-0.28	-0.29	-0.28	-0.27	-0.24	-0.21	-0.17	-0.12	-0.07	-0.02	0.04	0.08	0.13	0.17	0.20	0.22	0.23	0.24	0.23	0.22	0.20	0.18	0.15	0.11	0.07	0.03	-0.01	-0.04	-0.08	-0.11	-0.13	-0.15	-0.17	
P01942_17-68	0.73	0.72	0.70	0.66	0.62	0.57	0.51	0.44	0.37	0.30	0.23	0.16	0.09	0.03	-0.03	-0.08	-0.12	-0.15	-0.17	-0.18	-0.18	-0.18	-0.16	-0.14	-0.11	-0.08	-0.05	-0.01	0.02	0.06	0.09	0.12	0.14	0.16	0.17	0.18	0.18	0.17	0.16	0.14	0.12	0.09	0.07	0.04	0.01	-0.02	-0.05	-0.07	-0.09	-0.11	-0.12	-0.13	
P01942_17-68	1.19	1.18	1.14	1.08	1.01	0.93	0.83	0.72	0.61	0.50	0.38	0.27	0.17	0.07	-0.02	-0.10	-0.16	-0.21	-0.24	-0.26	-0.27	-0.27	-0.25	-0.23	-0.19	-0.16	-0.12	-0.07	-0.03	0.00	0.04	0.06	0.08	0.10	0.10	0.10	0.09	0.08	0.06	0.03	0.00	-0.03	-0.05	-0.08	-0.11	-0.13	-0.15	-0.16	-0.16	-0.16	-0.16	-0.15	
P01942_17-68	1.68	1.65	1.60	1.53	1.43	1.31	1.18	1.04	0.88	0.72	0.56	0.40	0.25	0.11	-0.01	-0.13	-0.22	-0.29	-0.35	-0.38	-0.40	-0.39	-0.37	-0.33	-0.28	-0.22	-0.15	-0.08	-0.00	0.07	0.14	0.20	0.26	0.30	0.33	0.35	0.36	0.35	0.33	0.30	0.26	0.22	0.17	0.11	0.05	-0.01	-0.06	-0.11	-0.16	-0.20	-0.23	-0.25	
P01942_26-77	1.41	1.39	1.35	1.28	1.20	1.11	0.99	0.87	0.75	0.61	0.48	0.35	0.23	0.12	0.01	-0.07	-0.15	-0.20	-0.24	-0.26	-0.27	-0.26	-0.23	-0.19	-0.15	-0.09	-0.03	0.03	0.10	0.16	0.21	0.26	0.30	0.34	0.36	0.37	0.37	0.35	0.33	0.30	0.27	0.22	0.18	0.13	0.08	0.03	-0.02	-0.06	-0.09	-0.12	-0.14	-0.16	
P01942_26-77	1.31	1.29	1.25	1.19	1.11	1.02	0.92	0.80	0.68	0.56	0.43	0.31	0.20	0.09	-0.01	-0.09	-0.15	-0.21	-0.24	-0.26	-0.26	-0.25	-0.22	-0.18	-0.14	-0.08	-0.02	0.04	0.10	0.16	0.21	0.26	0.29	0.32	0.34	0.35	0.35	0.34	0.32	0.29	0.25	0.21	0.17	0.12	0.08	0.03	-0.01	-0.05	-0.08	-0.11	-0.13	-0.14	
P01942_26-77	0.90	0.89	0.86	0.83	0.78	0.73	0.66	0.59	0.52	0.44	0.36	0.28	0.20	0.13	0.06	-0.01	-0.06	-0.11	-0.15	-0.18	-0.20	-0.21	-0.22	-0.22	-0.21	-0.19	-0.17	-0.15	-0.13	-0.10	-0.08	-0.06	-0.04	-0.02	-0.00	0.01	0.01	0.02	0.02	0.01	0.00	-0.01	-0.02	-0.03	-0.05	-0.06	-0.07	-0.09	-0.10	-0.10	-0.11	-0.11	
P01942_26-77	1.08	1.06	1.03	0.99	0.93	0.86	0.78	0.70	0.61	0.51	0.41	0.32	0.22	0.13	0.05	-0.02	-0.09	-0.15	-0.19	-0.23	-0.25	-0.27	-0.27	-0.27	-0.25	-0.23	-0.21	-0.18	-0.15	-0.12	-0.09	-0.06	-0.04	-0.01	0.00	0.02	0.02	0.03	0.02	0.02	0.01	-0.01	-0.03	-0.04	-0.06	-0.08	-0.10	-0.12	-0.13	-0.14	-0.15	-0.15	
P01942_26-77	1.23	1.21	1.17	1.11	1.04	0.95	0.84	0.73	0.61	0.49	0.37	0.25	0.13	0.02	-0.07	-0.16	-0.23	-0.29	-0.33	-0.36	-0.37	-0.36	-0.35	-0.32	-0.29	-0.25	-0.20	-0.15	-0.10	-0.05	-0.00	0.04	0.08	0.11	0.13	0.14	0.15	0.15	0.14	0.13	0.11	0.09	0.07	0.04	0.02	-0.00	-0.02	-0.04	-0.05	-0.06	-0.06	-0.06	
P01942_26-77	1.22	1.20	1.16	1.10	1.02	0.93	0.83	0.71	0.59	0.47	0.34	0.22	0.10	-0.01	-0.10	-0.19	-0.26	-0.31	-0.35	-0.38	-0.39	-0.38	-0.37	-0.34	-0.31	-0.27	-0.23	-0.18	-0.13	-0.09	-0.05	-0.02	0.01	0.03	0.04	0.04	0.04	0.03	0.02	-0.00	-0.02	-0.05	-0.07	-0.09	-0.11	-0.13	-0.14	-0.15	-0.15	-0.14	-0.13	-0.12	
P01942_26-77	1.24	1.22	1.18	1.12	1.04	0.94	0.83	0.71	0.59	0.46	0.33	0.21	0.09	-0.02	-0.12	-0.20	-0.27	-0.32	-0.35	-0.37	-0.38	-0.36	-0.34	-0.30	-0.26	-0.21	-0.15	-0.10	-0.04	0.01	0.06	0.10	0.13	0.16	0.18	0.18	0.18	0.17	0.16	0.14	0.11	0.08	0.05	0.02	-0.00	-0.03	-0.05	-0.06	-0.07	-0.08	-0.07	-0.07	
P01942_26-77	0.78	0.77	0.74	0.70	0.65	0.58	0.51	0.43	0.35	0.27	0.18	0.10	0.03	-0.04	-0.10	-0.15	-0.19	-0.22	-0.24	-0.25	-0.24	-0.23	-0.21	-0.18	-0.15	-0.11	-0.07	-0.04	0.00	0.03	0.06	0.09	0.11	0.12	0.13	0.13	0.13	0.12	0.10	0.09	0.07	0.05	0.03	0.02	0.00	-0.01	-0.02	-0.02	-0.02	-0.02	-0.01	0.00	
P01942_26-77	1.18	1.16	1.13	1.08	1.01	0.93	0.84	0.74	0.63	0.52	0.41	0.31	0.20	0.10	0.02	-0.06	-0.13	-0.18	-0.22	-0.25	-0.26	-0.26	-0.25	-0.23	-0.20	-0.16	-0.12	-0.08	-0.03	0.01	0.06	0.10	0.13	0.15	0.17	0.18	0.18	0.18	0.16	0.14	0.12	0.09	0.05	0.02	-0.02	-0.05	-0.09	-0.12	-0.14	-0.16	-0.18	-0.18	
P01942_26-77	1.74	1.71	1.65	1.57	1.46	1.33	1.18	1.02	0.85	0.67	0.50	0.32	0.16	0.00	-0.13	-0.25	-0.35	-0.43	-0.49	-0.52	-0.53	-0.53	-0.50	-0.46	-0.40	-0.33	-0.25	-0.18	-0.10	-0.02	0.06	0.12	0.18	0.22	0.26	0.28	0.29	0.29	0.28	0.26	0.23	0.19	0.15	0.11	0.07	0.03	-0.01	-0.04	-0.06	-0.08	-0.09	-0.09	
P01942_42-93	1.39	1.37	1.32	1.25	1.17	1.06	0.94	0.81	0.67	0.53	0.39	0.25	0.12	-0.01	-0.12	-0.22	-0.30	-0.36	-0.41	-0.43	-0.45	-0.44	-0.42	-0.39	-0.35	-0.30	-0.25	-0.19	-0.14	-0.08	-0.03	0.01	0.05	0.08	0.09	0.10	0.10	0.09	0.08	0.06	0.03	0.00	-0.03	-0.06	-0.09	-0.11	-0.13	-0.14	-0.15	-0.15	-0.14	-0.13	
P01942_42-93	1.29	1.27	1.23	1.16	1.08	0.98	0.87	0.75	0.62	0.49	0.36	0.23	0.10	-0.01	-0.12	-0.21	-0.28	-0.34	-0.39	-0.41	-0.42	-0.42	-0.40	-0.37	-0.34	-0.29	-0.24	-0.19	-0.14	-0.09	-0.04	0.00	0.03	0.06	0.08	0.09	0.09	0.08	0.07	0.05	0.02	-0.01	-0.03	-0.06	-0.09	-0.11	-0.13	-0.14	-0.15	-0.15	-0.14	-0.13	
P01942_42-93	0.90	0.89	0.86	0.82	0.77	0.71	0.65	0.57	0.49	0.41	0.33	0.26	0.18	0.11	0.05	-0.01	-0.05	-0.09	-0.11	-0.13	-0.13	-0.13	-0.12	-0.10	-0.08	-0.06	-0.03	0.00	0.03	0.06	0.08	0.10	0.11	0.12	0.13	0.12	0.12	0.11	0.09	0.07	0.05	0.02	-0.00	-0.03	-0.05	-0.07	-0.09	-0.10	-0.11	-0.11	-0.11	-0.11	
P01942_42-93	1.10	1.08	1.05	1.00	0.94	0.87	0.78	0.69	0.60	0.50	0.40	0.30	0.21	0.12	0.04	-0.02	-0.08	-0.12	-0.16	-0.18	-0.18	-0.18	-0.17	-0.15	-0.12	-0.09	-0.05	-0.02	0.02	0.06	0.09	0.11	0.13	0.15	0.15	0.15	0.15	0.13	0.12	0.09	0.07	0.04	0.01	-0.02	-0.04	-0.07	-0.09	-0.10	-0.11	-0.12	-0.12	-0.12	
P01942_42-93	1.26	1.24	1.20	1.15	1.07	0.99	0.89	0.79	0.68	0.56	0.44	0.33	0.21	0.11	0.01	-0.08	-0.15	-0.21	-0.26	-0.29	-0.31	-0.32	-0.31	-0.30	-0.27	-0.24	-0.20	-0.16	-0.12	-0.07	-0.03	0.00	0.03	0.06	0.08	0.09	0.10	0.09	0.09	0.07	0.05	0.03	-0.00	-0.03	-0.06	-0.09	-0.12	-0.14	-0.16	-0.18	-0.19	-0.19	
P01942_42-93	1.24	1.22	1.19	1.13	1.07	0.99	0.90	0.80	0.69	0.58	0.47	0.35	0.25	0.14	0.05	-0.03	-0.11	-0.17	-0.21	-0.25	-0.27	-0.28	-0.27	-0.26	-0.23	-0.20	-0.16	-0.12	-0.08	-0.04	0.01	0.05	0.08	0.11	0.14	0.15	0.16	0.16	0.16	0.15	0.13	0.10	0.08	0.05	0.02	-0.02	-0.05	-0.08	-0.11	-0.13	-0.15	-0.17	
P01942_42-93	1.18	1.16	1.13	1.08	1.01	0.93	0.85	0.75	0.65	0.54	0.43	0.32	0.22	0.12	0.03	-0.05	-0.12	-0.18	-0.22	-0.26	-0.28	-0.29	-0.28	-0.27	-0.25	-0.23	-0.19	-0.16	-0.12	-0.09	-0.05	-0.02	0.00	0.02	0.04	0.04	0.05	0.04	0.03	0.02	-0.00	-0.02	-0.05	-0.07	-0.10	-0.12	-0.14	-0.16	-0.17	-0.18	-0.18	-0.18	
P01942_42-93	0.75	0.74	0.71	0.68	0.63	0.58	0.52	0.45	0.39	0.31	0.24	0.17	0.11	0.05	-0.01	-0.05	-0.09	-0.12	-0.14	-0.16	-0.16	-0.16	-0.15	-0.13	-0.11	-0.09	-0.07	-0.04	-0.02	0.00	0.02	0.03	0.04	0.04	0.04	0.03	0.02	0.01	-0.01	-0.03	-0.06	-0.08	-0.10	-0.12	-0.14	-0.15	-0.16	-0.17	-0.17	-0.16	-0.15	-0.14	
P01942_42-93	1.27	1.25	1.21	1.15	1.07	0.98	0.87	0.76	0.63	0.50	0.38	0.25	0.13	0.02	-0.08	-0.17	-0.24	-0.30	-0.34	-0.37	-0.38	-0.38	-0.36	-0.33	-0.29	-0.24	-0.19	-0.14	-0.08	-0.03	0.02	0.07	0.11	0.14	0.16	0.18	0.18	0.18	0.17	0.15	0.13	0.11	0.08	0.05	0.02	-0.01	-0.04	-0.06	-0.08	-0.09	-0.10	-0.10	
P01942_42-93	1.67	1.65	1.60	1.53	1.44	1.33	1.21	1.07	0.93	0.78	0.62	0.47	0.33	0.19	0.06	-0.06	-0.16	-0.25	-0.32	-0.37	-0.40	-0.42	-0.42	-0.41	-0.39	-0.36	-0.32	-0.28	-0.23	-0.18	-0.13	-0.09	-0.05	-0.02	0.00	0.02	0.02	0.02	0.01	-0.00	-0.02	-0.05	-0.08	-0.11	-0.14	-0.17	-0.19	-0.21	-0.23	-0.24	-0.25	-0.25	
P01942_51-102	1.44	1.41	1.37	1.30	1.22	1.12	1.00	0.88	0.74	0.60	0.46	0.33	0.19	0.07	-0.04	-0.14	-0.22	-0.29	-0.34	-0.37	-0.39	-0.39	-0.37	-0.35	-0.31	-0.27	-0.22	-0.17	-0.12	-0.07	-0.02	0.02	0.05	0.08	0.10	0.11	0.10	0.10	0.08	0.05	0.03	-0.01	-0.04	-0.08	-0.11	-0.15	-0.18	-0.20	-0.22	-0.24	-0.25	-0.25	
P01942_51-102	1.33	1.31	1.27	1.21	1.13	1.04	0.93	0.81	0.69	0.56	0.43	0.31	0.19	0.08	-0.03	-0.12	-0.20	-0.26	-0.30	-0.34	-0.35	-0.35	-0.34	-0.32	-0.29	-0.25	-0.21	-0.17	-0.12	-0.07	-0.03	0.01	0.04	0.06	0.08	0.09	0.09	0.08	0.06	0.04	0.02	-0.01	-0.04	-0.08	-0.11	-0.14	-0.16	-0.19	-0.21	-0.22	-0.23	-0.23	
P01942_51-102	0.90	0.88	0.85	0.80	0.75	0.68	0.60	0.52	0.43	0.34	0.25	0.16	0.08	-0.00	-0.07	-0.13	-0.17	-0.20	-0.23	-0.24	-0.23	-0.22	-0.20	-0.17	-0.14	-0.10	-0.06	-0.01	0.03	0.07	0.10	0.13	0.15	0.17	0.17	0.17	0.17	0.15	0.13	0.11	0.08	0.04	0.01	-0.02	-0.05	-0.08	-0.11	-0.13	-0.14	-0.15	-0.15	-0.15	
P01942_51-102	1.10	1.08	1.04	0.99	0.92	0.83	0.74	0.64	0.53	0.42	0.31	0.20	0.10	0.01	-0.07	-0.14	-0.20	-0.24	-0.27	-0.28	-0.28	-0.27	-0.25	-0.21	-0.17	-0.13	-0.08	-0.03	0.02	0.06	0.10	0.14	0.16	0.18	0.19	0.19	0.18	0.16	0.14	0.11	0.08	0.04	0.00	-0.03	-0.07	-0.10	-0.13	-0.15	-0.16	-0.17	-0.18	-0.17	
P01942_51-102	1.26	1.24	1.21	1.15	1.09	1.01	0.92	0.82	0.71	0.60	0.49	0.38	0.27	0.17	0.08	0.00	-0.07	-0.13	-0.17	-0.21	-0.23	-0.23	-0.23	-0.22	-0.20	-0.17	-0.13	-0.10	-0.06	-0.02	0.01	0.05	0.08	0.10	0.12	0.13	0.13	0.13	0.13	0.11	0.10	0.08	0.06	0.03	0.01	-0.01	-0.03	-0.05	-0.06	-0.07	-0.07	-0.07	
P01942_51-102	1.21	1.19	1.16	1.11	1.05	0.97	0.88	0.79	0.68	0.58	0.47	0.36	0.26	0.16	0.07	-0.01	-0.08	-0.14	-0.19	-0.22	-0.24	-0.25	-0.25	-0.24	-0.22	-0.19	-0.16	-0.12	-0.08	-0.04	-0.00	0.03	0.06	0.09	0.11	0.13	0.14	0.14	0.14	0.13	0.12	0.10	0.09	0.07	0.05	0.03	0.01	-0.00	-0.02	-0.03	-0.03	-0.03	
P01942_51-102	1.20	1.19	1.15	1.10	1.04	0.96	0.88	0.78	0.68	0.57	0.47	0.36	0.26	0.16	0.08	-0.00	-0.07	-0.13	-0.17	-0.20	-0.22	-0.22	-0.22	-0.20	-0.18	-0.15	-0.12	-0.08	-0.04	0.00	0.04	0.07	0.10	0.13	0.15	0.16	0.16	0.16	0.15	0.13	0.11	0.08	0.05	0.02	-0.01	-0.04	-0.07	-0.09	-0.12	-0.13	-0.15	-0.16	
P01942_51-102	0.80	0.79	0.76	0.72	0.68	0.62	0.55	0.48	0.41	0.33	0.25	0.17	0.10	0.03	-0.03	-0.08	-0.12	-0.15	-0.18	-0.19	-0.19	-0.19	-0.17	-0.15	-0.12	-0.08	-0.05	-0.01	0.03	0.07	0.10	0.13	0.16	0.18	0.19	0.20	0.19	0.19	0.17	0.15	0.12	0.09	0.06	0.02	-0.01	-0.05	-0.08	-0.11	-0.14	-0.17	-0.18	-0.20	
P01942_51-102	1.27	1.25	1.21	1.15	1.07	0.98	0.88	0.76	0.64	0.51	0.39	0.27	0.15	0.04	-0.06	-0.15	-0.22	-0.28	-0.33	-0.36	-0.37	-0.37	-0.36	-0.34	-0.31	-0.27	-0.23	-0.18	-0.14	-0.09	-0.05	-0.02	0.01	0.03	0.05	0.06	0.06	0.05	0.04	0.03	0.01	-0.02	-0.04	-0.06	-0.08	-0.10	-0.12	-0.13	-0.14	-0.14	-0.14	-0.13	
P01942_51-102	1.68	1.66	1.62	1.55	1.47	1.37	1.26	1.13	1.00	0.86	0.72	0.57	0.44	0.31	0.19	0.08	-0.02	-0.10	-0.16	-0.21	-0.25	-0.26	-0.27	-0.26	-0.24	-0.20	-0.17	-0.12	-0.08	-0.03	0.02	0.06	0.10	0.13	0.15	0.17	0.18	0.18	0.17	0.15	0.13	0.10	0.07	0.04	-0.00	-0.04	-0.07	-0.11	-0.13	-0.16	-0.18	-0.19	
P01942_67-118	1.43	1.41	1.37	1.31	1.22	1.13	1.02	0.89	0.77	0.63	0.50	0.37	0.24	0.12	0.01	-0.08	-0.16	-0.23	-0.28	-0.31	-0.33	-0.33	-0.32	-0.29	-0.26	-0.22	-0.17	-0.12	-0.07	-0.02	0.02	0.07	0.10	0.13	0.15	0.16	0.16	0.16	0.14	0.12	0.10	0.07	0.03	0.00	-0.03	-0.06	-0.09	-0.11	-0.13	-0.14	-0.15	-0.15	
P01942_67-118	1.31	1.29	1.25	1.19	1.12	1.03	0.93	0.82	0.70	0.58	0.46	0.34	0.22	0.12	0.02	-0.07	-0.14	-0.20	-0.24	-0.27	-0.28	-0.28	-0.27	-0.25	-0.22	-0.18	-0.14	-0.10	-0.05	-0.01	0.03	0.07	0.10	0.12	0.13	0.14	0.14	0.13	0.11	0.09	0.07	0.04	0.01	-0.02	-0.05	-0.08	-0.10	-0.12	-0.14	-0.15	-0.15	-0.14	
P01942_67-118	0.95	0.93	0.90	0.86	0.80	0.73	0.65	0.57	0.48	0.38	0.28	0.19	0.09	0.00	-0.08	-0.15	-0.21	-0.26	-0.30	-0.33	-0.34	-0.35	-0.34	-0.32	-0.30	-0.27	-0.23	-0.18	-0.14	-0.09	-0.04	0.00	0.04	0.08	0.11	0.13	0.15	0.16	0.17	0.16	0.16	0.14	0.12	0.10	0.07	0.05	0.02	-0.01	-0.03	-0.05	-0.07	-0.09	
P01942_67-118	1.15	1.13	1.09	1.04	0.97	0.89	0.79	0.69	0.58	0.47	0.35	0.24	0.13	0.02	-0.07	-0.16	-0.23	-0.29	-0.34	-0.37	-0.39	-0.40	-0.39	-0.37	-0.34	-0.30	-0.25	-0.20	-0.15	-0.09	-0.04	0.01	0.06	0.10	0.13	0.16	0.18	0.19	0.19	0.19	0.18	0.16	0.14	0.11	0.08	0.05	0.02	-0.02	-0.04	-0.07	-0.09	-0.11	
P01942_67-118	1.16	1.14	1.11	1.06	0.99	0.92	0.83	0.74	0.63	0.53	0.43	0.32	0.23	0.13	0.05	-0.02	-0.08	-0.13	-0.17	-0.20	-0.21	-0.21	-0.20	-0.19	-0.16	-0.13	-0.10	-0.07	-0.03	0.00	0.03	0.06	0.08	0.09	0.10	0.10	0.09	0.08	0.07	0.05	0.03	0.00	-0.02	-0.05	-0.07	-0.09	-0.11	-0.12	-0.13	-0.14	-0.14	-0.13	
P01942_67-118	1.17	1.15	1.12	1.07	1.00	0.92	0.83	0.73	0.63	0.52	0.41	0.31	0.21	0.11	0.03	-0.04	-0.10	-0.15	-0.18	-0.20	-0.21	-0.21	-0.20	-0.17	-0.15	-0.12	-0.08	-0.04	-0.01	0.02	0.05	0.07	0.09	0.10	0.10	0.10	0.09	0.07	0.05	0.02	-0.00	-0.03	-0.06	-0.08	-0.11	-0.13	-0.14	-0.15	-0.16	-0.16	-0.15	-0.14	
P01942_67-118	1.09	1.07	1.04	0.99	0.92	0.85	0.76	0.67	0.57	0.47	0.37	0.27	0.17	0.09	0.01	-0.06	-0.11	-0.15	-0.18	-0.20	-0.21	-0.21	-0.19	-0.17	-0.15	-0.12	-0.09	-0.05	-0.02	0.00	0.03	0.04	0.05	0.06	0.06	0.05	0.04	0.02	-0.00	-0.02	-0.05	-0.07	-0.09	-0.11	-0.13	-0.14	-0.14	-0.14	-0.13	-0.12	-0.10	-0.08	
P01942_67-118	0.74	0.73	0.70	0.67	0.62	0.56	0.50	0.43	0.36	0.28	0.21	0.13	0.06	0.00	-0.06	-0.11	-0.15	-0.18	-0.20	-0.21	-0.22	-0.22	-0.21	-0.19	-0.18	-0.15	-0.13	-0.11	-0.09	-0.07	-0.05	-0.04	-0.03	-0.03	-0.03	-0.03	-0.04	-0.05	-0.06	-0.07	-0.08	-0.09	-0.10	-0.10	-0.11	-0.10	-0.10	-0.09	-0.07	-0.05	-0.03	-0.00	
P01942_67-118	1.36	1.34	1.30	1.24	1.16	1.07	0.97	0.85	0.73	0.60	0.47	0.35	0.23	0.11	0.01	-0.09	-0.17	-0.23	-0.28	-0.32	-0.33	-0.34	-0.33	-0.30	-0.27	-0.23	-0.18	-0.12	-0.07	-0.01	0.04	0.09	0.14	0.18	0.20	0.22	0.23	0.23	0.23	0.21	0.18	0.15	0.12	0.08	0.03	-0.01	-0.05	-0.09	-0.13	-0.16	-0.19	-0.21	
P01942_67-118	1.53	1.50	1.46	1.39	1.30	1.19	1.08	0.95	0.81	0.67	0.53	0.39	0.26	0.14	0.03	-0.06	-0.14	-0.20	-0.24	-0.27	-0.28	-0.27	-0.25	-0.22	-0.18	-0.14	-0.09	-0.04	0.01	0.05	0.09	0.12	0.14	0.15	0.16	0.15	0.13	0.11	0.08	0.04	0.01	-0.03	-0.07	-0.11	-0.14	-0.17	-0.18	-0.20	-0.20	-0.19	-0.18	-0.16	
P01942_76-127	1.40	1.38	1.34	1.27	1.19	1.10	0.99	0.87	0.74	0.61	0.48	0.35	0.22	0.10	-0.00	-0.09	-0.17	-0.23	-0.28	-0.31	-0.33	-0.33	-0.32	-0.29	-0.26	-0.22	-0.18	-0.13	-0.08	-0.03	0.01	0.05	0.08	0.10	0.12	0.13	0.12	0.12	0.10	0.08	0.05	0.02	-0.01	-0.04	-0.07	-0.10	-0.12	-0.14	-0.16	-0.17	-0.17	-0.17	
P01942_76-127	1.28	1.26	1.22	1.16	1.09	1.00	0.90	0.79	0.67	0.55	0.43	0.31	0.20	0.09	-0.00	-0.09	-0.16	-0.21	-0.25	-0.28	-0.29	-0.29	-0.28	-0.25	-0.22	-0.18	-0.14	-0.10	-0.05	-0.01	0.03	0.07	0.10	0.12	0.13	0.13	0.13	0.12	0.10	0.08	0.06	0.03	-0.01	-0.04	-0.07	-0.10	-0.12	-0.14	-0.16	-0.17	-0.17	-0.17	
P01942_76-127	1.02	1.00	0.97	0.92	0.86	0.79	0.71	0.61	0.52	0.42	0.32	0.22	0.12	0.03	-0.05	-0.12	-0.18	-0.24	-0.27	-0.30	-0.32	-0.32	-0.31	-0.30	-0.28	-0.25	-0.22	-0.18	-0.15	-0.11	-0.08	-0.05	-0.02	0.00	0.02	0.03	0.03	0.03	0.03	0.02	0.01	0.00	-0.01	-0.03	-0.04	-0.05	-0.06	-0.07	-0.07	-0.07	-0.07	-0.06	
P01942_76-127	1.22	1.20	1.16	1.11	1.03	0.95	0.85	0.74	0.62	0.50	0.38	0.26	0.15	0.04	-0.05	-0.14	-0.21	-0.27	-0.32	-0.35	-0.37	-0.37	-0.36	-0.34	-0.32	-0.28	-0.24	-0.20	-0.16	-0.12	-0.08	-0.04	-0.01	0.02	0.04	0.05	0.06	0.06	0.05	0.04	0.03	0.01	-0.01	-0.02	-0.04	-0.06	-0.07	-0.08	-0.08	-0.08	-0.08	-0.07	
P01942_76-127	1.10	1.09	1.06	1.01	0.95	0.88	0.79	0.70	0.61	0.51	0.41	0.31	0.22	0.13	0.05	-0.02	-0.08	-0.13	-0.17	-0.19	-0.21	-0.21	-0.20	-0.18	-0.16	-0.13	-0.09	-0.06	-0.02	0.02	0.05	0.08	0.11	0.13	0.14	0.14	0.14	0.14	0.12	0.11	0.09	0.06	0.03	0.01	-0.02	-0.05	-0.07	-0.09	-0.11	-0.12	-0.13	-0.13	
P01942_76-127	1.11	1.10	1.06	1.02	0.96	0.88	0.80	0.71	0.61	0.51	0.41	0.31	0.22	0.13	0.05	-0.02	-0.08	-0.13	-0.17	-0.19	-0.21	-0.21	-0.20	-0.18	-0.15	-0.12	-0.09	-0.05	-0.01	0.03	0.07	0.10	0.13	0.15	0.16	0.17	0.17	0.17	0.15	0.13	0.11	0.08	0.05	0.02	-0.01	-0.04	-0.07	-0.09	-0.11	-0.13	-0.14	-0.14	
P01942_76-127	1.00	0.99	0.96	0.92	0.86	0.80	0.72	0.64	0.55	0.47	0.37	0.29	0.20	0.12	0.05	-0.02	-0.08	-0.12	-0.16	-0.18	-0.19	-0.20	-0.19	-0.18	-0.15	-0.13	-0.10	-0.06	-0.03	0.00	0.03	0.06	0.08	0.10	0.11	0.11	0.11	0.10	0.09	0.07	0.04	0.01	-0.02	-0.05	-0.09	-0.12	-0.15	-0.18	-0.20	-0.22	-0.23	-0.24	
P01942_76-127	0.65	0.64	0.63	0.60	0.57	0.53	0.49	0.44	0.39	0.33	0.27	0.22	0.16	0.11	0.06	0.02	-0.02	-0.06	-0.09	-0.11	-0.13	-0.14	-0.15	-0.15	-0.14	-0.14	-0.13	-0.11	-0.10	-0.09	-0.07	-0.06	-0.05	-0.04	-0.04	-0.03	-0.03	-0.04	-0.04	-0.05	-0.06	-0.08	-0.09	-0.11	-0.13	-0.15	-0.17	-0.18	-0.20	-0.21	-0.22	-0.22	
P01942_76-127	1.40	1.38	1.34	1.27	1.19	1.09	0.97	0.85	0.72	0.58	0.44	0.31	0.18	0.06	-0.05	-0.14	-0.22	-0.28	-0.32	-0.35	-0.36	-0.36	-0.34	-0.32	-0.28	-0.23	-0.18	-0.13	-0.07	-0.02	0.03	0.07	0.11	0.14	0.16	0.17	0.17	0.17	0.16	0.14	0.12	0.09	0.07	0.04	0.02	-0.00	-0.02	-0.04	-0.04	-0.05	-0.05	-0.04	
P01942_76-127	1.45	1.42	1.38	1.32	1.23	1.14	1.02	0.90	0.77	0.63	0.50	0.36	0.23	0.11	0.01	-0.09	-0.17	-0.24	-0.28	-0.31	-0.33	-0.33	-0.31	-0.28	-0.24	-0.19	-0.14	-0.08	-0.03	0.03	0.08	0.13	0.17	0.20	0.22	0.23	0.23	0.21	0.19	0.16	0.13	0.09	0.04	-0.01	-0.06	-0.11	-0.15	-0.19	-0.23	-0.26	-0.28	-0.29	
P01942_92-143	1.37	1.35	1.31	1.25	1.17	1.08	0.97	0.85	0.73	0.60	0.47	0.34	0.22	0.10	-0.00	-0.09	-0.17	-0.24	-0.29	-0.32	-0.34	-0.34	-0.33	-0.31	-0.28	-0.24	-0.20	-0.15	-0.10	-0.05	-0.00	0.04	0.07	0.10	0.12	0.13	0.14	0.14	0.13	0.11	0.09	0.07	0.04	0.01	-0.02	-0.05	-0.08	-0.10	-0.12	-0.14	-0.15	-0.15	
P01942_92-143	1.23	1.21	1.17	1.12	1.05	0.97	0.87	0.77	0.66	0.54	0.42	0.31	0.20	0.09	-0.00	-0.09	-0.16	-0.22	-0.27	-0.30	-0.33	-0.33	-0.33	-0.31	-0.29	-0.25	-0.21	-0.17	-0.13	-0.08	-0.04	0.00	0.04	0.07	0.10	0.12	0.13	0.13	0.13	0.12	0.10	0.09	0.06	0.04	0.01	-0.01	-0.04	-0.06	-0.08	-0.10	-0.12	-0.13	
P01942_92-143	1.14	1.12	1.09	1.04	0.97	0.89	0.80	0.70	0.59	0.48	0.38	0.27	0.17	0.08	-0.01	-0.08	-0.14	-0.19	-0.22	-0.24	-0.24	-0.23	-0.21	-0.19	-0.15	-0.11	-0.06	-0.02	0.03	0.08	0.11	0.15	0.18	0.19	0.20	0.20	0.20	0.18	0.16	0.13	0.09	0.05	0.01	-0.03	-0.07	-0.11	-0.15	-0.18	-0.20	-0.22	-0.23	-0.24	
P01942_92-143	1.33	1.31	1.27	1.21	1.13	1.04	0.93	0.82	0.70	0.57	0.45	0.33	0.21	0.10	0.01	-0.08	-0.15	-0.20	-0.24	-0.26	-0.27	-0.26	-0.24	-0.21	-0.17	-0.13	-0.08	-0.03	0.02	0.07	0.11	0.15	0.18	0.20	0.21	0.21	0.20	0.18	0.16	0.13	0.09	0.05	0.00	-0.04	-0.08	-0.12	-0.16	-0.19	-0.22	-0.23	-0.24	-0.25	
P01942_92-143	1.04	1.03	1.00	0.95	0.89	0.82	0.74	0.65	0.55	0.45	0.35	0.26	0.16	0.08	-0.00	-0.07	-0.13	-0.18	-0.22	-0.24	-0.25	-0.26	-0.25	-0.23	-0.21	-0.18	-0.14	-0.10	-0.07	-0.03	0.00	0.04	0.06	0.08	0.10	0.11	0.11	0.11	0.10	0.09	0.07	0.05	0.03	0.01	-0.01	-0.03	-0.05	-0.06	-0.07	-0.08	-0.08	-0.08	
P01942_92-143	1.08	1.06	1.03	0.98	0.92	0.84	0.75	0.66	0.56	0.45	0.35	0.25	0.15	0.06	-0.02	-0.10	-0.16	-0.20	-0.24	-0.26	-0.27	-0.27	-0.26	-0.24	-0.21	-0.17	-0.13	-0.09	-0.05	-0.02	0.02	0.05	0.08	0.10	0.11	0.12	0.12	0.11	0.10	0.09	0.07	0.05	0.02	0.00	-0.02	-0.04	-0.06	-0.07	-0.08	-0.08	-0.08	-0.07	
P01942_92-143	0.99	0.98	0.94	0.90	0.84	0.76	0.68	0.59	0.50	0.40	0.30	0.20	0.11	0.03	-0.05	-0.12	-0.17	-0.22	-0.25	-0.27	-0.28	-0.28	-0.26	-0.24	-0.21	-0.18	-0.14	-0.10	-0.07	-0.03	0.01	0.04	0.07	0.09	0.10	0.11	0.11	0.11	0.10	0.09	0.08	0.06	0.05	0.03	0.01	-0.00	-0.01	-0.02	-0.02	-0.02	-0.02	-0.01	
P01942_92-143	0.63	0.62	0.60	0.57	0.53	0.49	0.44	0.38	0.32	0.26	0.20	0.14	0.08	0.03	-0.01	-0.05	-0.08	-0.11	-0.12	-0.13	-0.13	-0.12	-0.11	-0.10	-0.08	-0.06	-0.04	-0.02	0.00	0.02	0.03	0.04	0.05	0.06	0.06	0.06	0.05	0.04	0.03	0.02	0.01	0.00	-0.01	-0.01	-0.02	-0.02	-0.01	-0.01	-0.00	0.01	0.02	0.04	
P01942_92-143	1.38	1.36	1.32	1.26	1.19	1.10	1.00	0.89	0.77	0.64	0.52	0.39	0.27	0.16	0.05	-0.04	-0.12	-0.19	-0.25	-0.29	-0.31	-0.32	-0.32	-0.30	-0.28	-0.24	-0.20	-0.16	-0.11	-0.06	-0.01	0.03	0.07	0.11	0.13	0.15	0.16	0.16	0.15	0.14	0.11	0.08	0.05	0.01	-0.03	-0.07	-0.11	-0.14	-0.18	-0.21	-0.23	-0.25	
P01942_92-143	1.43	1.41	1.36	1.30	1.21	1.11	0.99	0.86	0.72	0.58	0.44	0.30	0.17	0.04	-0.07	-0.17	-0.25	-0.32	-0.37	-0.41	-0.42	-0.42	-0.41	-0.38	-0.35	-0.30	-0.25	-0.20	-0.15	-0.09	-0.04	0.00	0.04	0.07	0.09	0.11	0.11	0.11	0.10	0.09	0.07	0.05	0.02	-0.00	-0.02	-0.04	-0.06	-0.07	-0.08	-0.08	-0.08	-0.07	
