P04117_1-52	1.32	1.30	1.26	1.20	1.13	1.05	0.95	0.84	0.73	0.61	0.49	0.37	0.26	0.15	0.05	-0.04	-0.12	-0.19	-0.24	-0.28	-0.31	-0.32	-0.32	-0.31	-0.29	-0.26	-0.22	-0.18	-0.14	-0.09	-0.05	-0.01	0.03	0.06	0.09	0.11	0.12	0.13	0.13	0.13	0.12	0.10	0.09	0.06	0.04	0.02	0.00	-0.02	-0.04	-0.05	-0.06	-0.07	
P04117_1-52	1.23	1.21	1.18	1.13	1.06	0.98	0.89	0.79	0.68	0.56	0.45	0.34	0.23	0.13	0.03	-0.05	-0.13	-0.19	-0.24	-0.28	-0.30	-0.31	-0.31	-0.29	-0.27	-0.24	-0.21	-0.17	-0.13	-0.09	-0.04	-0.01	0.03	0.06	0.08	0.10	0.11	0.12	0.12	0.11	0.10	0.09	0.07	0.05	0.03	0.00	-0.02	-0.04	-0.05	-0.07	-0.08	-0.09	
P04117_1-52	1.15	1.13	1.09	1.04	0.97	0.89	0.79	0.69	0.58	0.47	0.36	0.25	0.14	0.05	-0.04	-0.11	-0.17	-0.21	-0.25	-0.26	-0.27	-0.26	-0.24	-0.21	-0.17	-0.13	-0.08	-0.04	0.01	0.05	0.09	0.12	0.14	0.16	0.17	0.17	0.16	0.15	0.12	0.10	0.07	0.03	0.00	-0.03	-0.06	-0.09	-0.11	-0.13	-0.14	-0.14	-0.14	-0.13	
P04117_1-52	1.30	1.28	1.24	1.18	1.10	1.00	0.90	0.78	0.66	0.53	0.40	0.28	0.16	0.05	-0.05	-0.13	-0.20	-0.25	-0.29	-0.31	-0.31	-0.30	-0.28	-0.25	-0.20	-0.16	-0.10	-0.05	0.00	0.05	0.10	0.13	0.16	0.18	0.20	0.20	0.19	0.18	0.16	0.13	0.10	0.06	0.02	-0.01	-0.05	-0.08	-0.10	-0.12	-0.14	-0.14	-0.14	-0.14	
P04117_1-52	1.13	1.11	1.08	1.03	0.96	0.89	0.80	0.71	0.61	0.50	0.40	0.29	0.19	0.10	0.01	-0.07	-0.13	-0.19	-0.23	-0.26	-0.28	-0.29	-0.28	-0.27	-0.25	-0.22	-0.18	-0.15	-0.11	-0.07	-0.03	-0.00	0.03	0.05	0.07	0.08	0.08	0.08	0.07	0.06	0.04	0.02	-0.00	-0.03	-0.05	-0.07	-0.09	-0.11	-0.13	-0.14	-0.15	-0.15	
P04117_1-52	1.18	1.16	1.12	1.07	1.01	0.93	0.84	0.74	0.63	0.52	0.41	0.31	0.20	0.11	0.02	-0.06	-0.12	-0.17	-0.21	-0.24	-0.25	-0.25	-0.24	-0.22	-0.20	-0.16	-0.13	-0.09	-0.05	-0.01	0.03	0.06	0.08	0.10	0.11	0.11	0.11	0.10	0.08	0.05	0.03	-0.00	-0.04	-0.07	-0.10	-0.13	-0.16	-0.18	-0.20	-0.21	-0.22	-0.22	
P04117_1-52	1.09	1.07	1.04	0.99	0.93	0.86	0.78	0.68	0.59	0.49	0.39	0.28	0.19	0.10	0.01	-0.06	-0.13	-0.18	-0.22	-0.25	-0.27	-0.28	-0.27	-0.26	-0.24	-0.22	-0.19	-0.16	-0.13	-0.09	-0.06	-0.04	-0.01	0.00	0.02	0.02	0.03	0.02	0.01	-0.00	-0.02	-0.04	-0.06	-0.08	-0.10	-0.12	-0.14	-0.15	-0.16	-0.17	-0.17	-0.17	
P04117_1-52	0.57	0.56	0.55	0.53	0.50	0.47	0.44	0.40	0.36	0.31	0.27	0.22	0.18	0.13	0.09	0.05	0.01	-0.02	-0.05	-0.08	-0.10	-0.12	-0.13	-0.14	-0.15	-0.15	-0.15	-0.14	-0.14	-0.13	-0.13	-0.12	-0.11	-0.10	-0.10	-0.09	-0.09	-0.08	-0.08	-0.07	-0.07	-0.07	-0.07	-0.07	-0.07	-0.07	-0.07	-0.07	-0.07	-0.07	-0.06	-0.06	
P04117_1-52	1.33	1.31	1.27	1.21	1.12	1.03	0.92	0.80	0.67	0.54	0.41	0.28	0.16	0.05	-0.05	-0.14	-0.21	-0.27	-0.30	-0.33	-0.33	-0.32	-0.30	-0.27	-0.22	-0.17	-0.11	-0.06	0.00	0.06	0.11	0.16	0.19	0.22	0.24	0.25	0.25	0.24	0.22	0.20	0.17	0.13	0.10	0.06	0.02	-0.01	-0.04	-0.07	-0.09	-0.10	-0.11	-0.11	
P04117_1-52	1.56	1.53	1.49	1.42	1.33	1.22	1.10	0.96	0.82	0.67	0.52	0.37	0.23	0.10	-0.02	-0.13	-0.22	-0.30	-0.35	-0.39	-0.41	-0.42	-0.41	-0.38	-0.35	-0.30	-0.25	-0.20	-0.14	-0.08	-0.03	0.02	0.07	0.10	0.13	0.15	0.16	0.16	0.15	0.14	0.12	0.09	0.07	0.04	0.01	-0.02	-0.05	-0.07	-0.09	-0.10	-0.11	-0.11	
P04117_7-58	1.28	1.26	1.23	1.17	1.10	1.02	0.92	0.82	0.70	0.59	0.47	0.35	0.24	0.13	0.04	-0.05	-0.13	-0.19	-0.24	-0.28	-0.30	-0.31	-0.31	-0.30	-0.28	-0.25	-0.22	-0.18	-0.15	-0.11	-0.07	-0.04	-0.01	0.02	0.03	0.05	0.05	0.05	0.05	0.04	0.02	0.01	-0.01	-0.03	-0.05	-0.07	-0.08	-0.10	-0.11	-0.11	-0.11	-0.11	
P04117_7-58	1.20	1.18	1.15	1.10	1.03	0.95	0.86	0.77	0.66	0.55	0.44	0.33	0.23	0.13	0.04	-0.05	-0.12	-0.18	-0.23	-0.26	-0.28	-0.29	-0.29	-0.28	-0.26	-0.24	-0.21	-0.18	-0.14	-0.10	-0.07	-0.04	-0.01	0.01	0.03	0.05	0.05	0.05	0.05	0.04	0.03	0.01	-0.00	-0.02	-0.04	-0.06	-0.07	-0.09	-0.10	-0.10	-0.11	-0.10	
P04117_7-58	1.13	1.11	1.07	1.02	0.95	0.87	0.78	0.67	0.57	0.45	0.34	0.23	0.13	0.03	-0.05	-0.13	-0.19	-0.24	-0.28	-0.30	-0.30	-0.30	-0.28	-0.25	-0.22	-0.18	-0.13	-0.08	-0.03	0.01	0.05	0.09	0.12	0.15	0.16	0.17	0.17	0.16	0.14	0.12	0.09	0.06	0.03	-0.00	-0.04	-0.07	-0.10	-0.12	-0.14	-0.16	-0.16	-0.17	
P04117_7-58	1.26	1.24	1.20	1.14	1.07	0.98	0.88	0.76	0.65	0.52	0.40	0.28	0.16	0.05	-0.05	-0.13	-0.20	-0.26	-0.30	-0.33	-0.34	-0.34	-0.32	-0.30	-0.26	-0.22	-0.17	-0.12	-0.07	-0.01	0.03	0.08	0.11	0.14	0.16	0.17	0.18	0.17	0.16	0.14	0.11	0.08	0.05	0.02	-0.02	-0.05	-0.08	-0.10	-0.13	-0.14	-0.15	-0.15	
P04117_7-58	1.16	1.14	1.11	1.06	0.99	0.92	0.83	0.73	0.63	0.53	0.42	0.32	0.22	0.12	0.04	-0.04	-0.10	-0.15	-0.19	-0.22	-0.24	-0.24	-0.23	-0.22	-0.20	-0.17	-0.13	-0.09	-0.06	-0.02	0.01	0.04	0.07	0.09	0.10	0.11	0.11	0.11	0.10	0.08	0.06	0.04	0.02	-0.01	-0.03	-0.06	-0.08	-0.10	-0.11	-0.12	-0.12	-0.13	
P04117_7-58	1.21	1.20	1.16	1.11	1.04	0.95	0.86	0.76	0.65	0.54	0.42	0.31	0.21	0.11	0.02	-0.05	-0.12	-0.17	-0.20	-0.23	-0.24	-0.23	-0.22	-0.19	-0.16	-0.12	-0.08	-0.03	0.01	0.06	0.10	0.13	0.16	0.18	0.19	0.20	0.19	0.18	0.16	0.14	0.11	0.08	0.04	0.01	-0.03	-0.06	-0.09	-0.12	-0.14	-0.15	-0.16	-0.17	
P04117_7-58	1.15	1.13	1.10	1.04	0.98	0.90	0.81	0.71	0.61	0.51	0.40	0.30	0.20	0.10	0.02	-0.05	-0.11	-0.16	-0.20	-0.22	-0.23	-0.23	-0.22	-0.19	-0.17	-0.13	-0.10	-0.06	-0.02	0.01	0.04	0.07	0.09	0.10	0.11	0.11	0.10	0.09	0.07	0.04	0.01	-0.02	-0.05	-0.08	-0.11	-0.13	-0.15	-0.17	-0.18	-0.19	-0.19	-0.19	
P04117_7-58	0.60	0.60	0.58	0.56	0.53	0.49	0.45	0.40	0.36	0.31	0.26	0.21	0.16	0.11	0.07	0.04	0.01	-0.02	-0.04	-0.05	-0.06	-0.07	-0.07	-0.06	-0.06	-0.05	-0.04	-0.03	-0.01	-0.01	0.00	0.01	0.01	0.01	0.00	-0.00	-0.01	-0.03	-0.04	-0.06	-0.07	-0.09	-0.11	-0.12	-0.14	-0.15	-0.16	-0.17	-0.17	-0.17	-0.17	-0.16	
P04117_7-58	1.26	1.24	1.20	1.14	1.07	0.98	0.87	0.76	0.64	0.52	0.39	0.27	0.15	0.04	-0.06	-0.15	-0.23	-0.29	-0.34	-0.37	-0.39	-0.39	-0.38	-0.36	-0.32	-0.28	-0.23	-0.18	-0.13	-0.08	-0.02	0.02	0.07	0.10	0.13	0.15	0.16	0.16	0.16	0.15	0.13	0.11	0.08	0.05	0.02	-0.01	-0.03	-0.06	-0.08	-0.10	-0.11	-0.12	
P04117_7-58	1.59	1.57	1.52	1.44	1.35	1.24	1.11	0.97	0.83	0.67	0.52	0.37	0.23	0.10	-0.03	-0.13	-0.22	-0.29	-0.35	-0.38	-0.40	-0.40	-0.38	-0.36	-0.32	-0.27	-0.22	-0.16	-0.11	-0.06	-0.01	0.04	0.07	0.10	0.11	0.12	0.12	0.11	0.09	0.07	0.04	0.01	-0.02	-0.06	-0.09	-0.11	-0.13	-0.15	-0.16	-0.16	-0.16	-0.14	
P04117_26-77	1.38	1.36	1.32	1.25	1.16	1.06	0.95	0.82	0.69	0.55	0.41	0.28	0.16	0.04	-0.06	-0.15	-0.22	-0.27	-0.31	-0.33	-0.33	-0.31	-0.28	-0.25	-0.20	-0.14	-0.08	-0.02	0.04	0.09	0.14	0.19	0.22	0.24	0.25	0.25	0.24	0.23	0.20	0.16	0.13	0.08	0.04	-0.01	-0.05	-0.09	-0.12	-0.15	-0.17	-0.18	-0.19	-0.19	
P04117_26-77	1.29	1.27	1.23	1.16	1.08	0.99	0.88	0.76	0.64	0.51	0.38	0.26	0.14	0.03	-0.06	-0.15	-0.21	-0.26	-0.29	-0.31	-0.31	-0.29	-0.26	-0.23	-0.18	-0.13	-0.07	-0.01	0.04	0.09	0.14	0.18	0.21	0.23	0.24	0.23	0.22	0.20	0.17	0.14	0.10	0.06	0.01	-0.03	-0.07	-0.11	-0.14	-0.17	-0.19	-0.20	-0.20	-0.20	
P04117_26-77	1.14	1.12	1.09	1.04	0.97	0.90	0.81	0.71	0.61	0.50	0.40	0.29	0.19	0.09	0.01	-0.07	-0.14	-0.19	-0.23	-0.26	-0.28	-0.29	-0.28	-0.26	-0.24	-0.21	-0.17	-0.14	-0.10	-0.06	-0.02	0.01	0.04	0.07	0.08	0.09	0.10	0.10	0.09	0.08	0.06	0.04	0.02	-0.00	-0.02	-0.05	-0.06	-0.08	-0.09	-0.10	-0.10	-0.10	
P04117_26-77	1.27	1.25	1.21	1.16	1.09	1.01	0.91	0.80	0.69	0.58	0.46	0.34	0.23	0.13	0.03	-0.05	-0.12	-0.18	-0.23	-0.26	-0.28	-0.29	-0.28	-0.26	-0.24	-0.21	-0.17	-0.13	-0.09	-0.05	-0.01	0.03	0.06	0.08	0.10	0.11	0.11	0.11	0.10	0.08	0.06	0.04	0.01	-0.01	-0.04	-0.06	-0.08	-0.10	-0.11	-0.12	-0.12	-0.12	
P04117_26-77	1.10	1.09	1.05	1.01	0.94	0.87	0.78	0.69	0.59	0.49	0.38	0.28	0.18	0.09	0.00	-0.07	-0.14	-0.19	-0.23	-0.26	-0.27	-0.28	-0.27	-0.25	-0.23	-0.20	-0.16	-0.12	-0.08	-0.04	0.00	0.04	0.07	0.09	0.11	0.13	0.13	0.13	0.13	0.11	0.10	0.08	0.05	0.03	0.00	-0.03	-0.05	-0.07	-0.09	-0.11	-0.12	-0.13	
P04117_26-77	1.07	1.06	1.03	0.98	0.92	0.85	0.78	0.69	0.59	0.50	0.40	0.30	0.20	0.11	0.03	-0.05	-0.11	-0.17	-0.22	-0.25	-0.27	-0.29	-0.29	-0.28	-0.27	-0.24	-0.22	-0.19	-0.15	-0.12	-0.08	-0.05	-0.02	0.00	0.02	0.04	0.05	0.06	0.06	0.05	0.04	0.03	0.02	0.00	-0.02	-0.03	-0.05	-0.07	-0.08	-0.09	-0.10	-0.10	
P04117_26-77	1.12	1.11	1.07	1.02	0.95	0.87	0.77	0.67	0.56	0.45	0.34	0.23	0.12	0.03	-0.06	-0.14	-0.21	-0.26	-0.30	-0.32	-0.33	-0.33	-0.32	-0.29	-0.26	-0.22	-0.18	-0.13	-0.08	-0.04	0.00	0.04	0.08	0.10	0.13	0.14	0.14	0.14	0.13	0.12	0.10	0.08	0.05	0.03	0.00	-0.02	-0.04	-0.06	-0.08	-0.09	-0.10	-0.10	
P04117_26-77	0.60	0.59	0.57	0.54	0.50	0.45	0.39	0.33	0.27	0.20	0.14	0.07	0.01	-0.05	-0.10	-0.14	-0.18	-0.20	-0.22	-0.23	-0.24	-0.23	-0.22	-0.19	-0.17	-0.14	-0.10	-0.07	-0.03	0.00	0.04	0.07	0.09	0.12	0.13	0.15	0.15	0.15	0.15	0.14	0.13	0.11	0.09	0.07	0.05	0.03	0.01	-0.00	-0.02	-0.03	-0.04	-0.05	
P04117_26-77	1.33	1.31	1.27	1.21	1.13	1.04	0.94	0.83	0.71	0.59	0.47	0.35	0.23	0.12	0.03	-0.06	-0.13	-0.18	-0.22	-0.25	-0.26	-0.26	-0.25	-0.23	-0.19	-0.16	-0.11	-0.07	-0.03	0.01	0.05	0.08	0.11	0.12	0.13	0.13	0.12	0.10	0.08	0.05	0.02	-0.01	-0.05	-0.08	-0.11	-0.14	-0.17	-0.19	-0.20	-0.20	-0.20	-0.20	
P04117_26-77	1.56	1.54	1.49	1.42	1.33	1.23	1.10	0.97	0.83	0.69	0.54	0.40	0.26	0.13	0.02	-0.08	-0.17	-0.24	-0.29	-0.32	-0.34	-0.34	-0.32	-0.29	-0.26	-0.21	-0.16	-0.11	-0.05	-0.00	0.05	0.09	0.12	0.15	0.17	0.18	0.18	0.17	0.15	0.13	0.10	0.07	0.04	0.00	-0.03	-0.06	-0.08	-0.10	-0.12	-0.13	-0.13	-0.13	
P04117_32-83	1.39	1.36	1.32	1.25	1.17	1.06	0.95	0.82	0.69	0.55	0.41	0.28	0.15	0.03	-0.08	-0.17	-0.24	-0.30	-0.34	-0.37	-0.37	-0.36	-0.34	-0.30	-0.25	-0.20	-0.14	-0.07	-0.01	0.05	0.11	0.15	0.20	0.23	0.25	0.26	0.26	0.25	0.24	0.21	0.18	0.14	0.10	0.06	0.03	-0.01	-0.04	-0.07	-0.10	-0.11	-0.12	-0.12	
P04117_32-83	1.31	1.29	1.24	1.18	1.10	1.00	0.89	0.77	0.65	0.52	0.39	0.26	0.14	0.03	-0.07	-0.16	-0.23	-0.28	-0.32	-0.34	-0.34	-0.33	-0.31	-0.27	-0.22	-0.17	-0.11	-0.05	0.01	0.07	0.12	0.17	0.21	0.24	0.26	0.27	0.27	0.26	0.24	0.21	0.18	0.15	0.11	0.07	0.03	-0.01	-0.04	-0.07	-0.10	-0.11	-0.12	-0.13	
P04117_32-83	1.11	1.09	1.06	1.01	0.95	0.88	0.80	0.70	0.60	0.50	0.40	0.30	0.20	0.11	0.02	-0.05	-0.12	-0.17	-0.21	-0.24	-0.26	-0.27	-0.27	-0.25	-0.23	-0.21	-0.18	-0.14	-0.11	-0.07	-0.04	-0.01	0.01	0.03	0.05	0.06	0.06	0.06	0.05	0.04	0.02	0.00	-0.02	-0.04	-0.07	-0.09	-0.11	-0.12	-0.14	-0.15	-0.16	-0.16	
P04117_32-83	1.22	1.20	1.17	1.12	1.05	0.97	0.88	0.78	0.67	0.56	0.45	0.34	0.24	0.14	0.04	-0.04	-0.11	-0.17	-0.21	-0.24	-0.26	-0.27	-0.27	-0.26	-0.23	-0.21	-0.17	-0.14	-0.10	-0.06	-0.03	0.00	0.03	0.05	0.07	0.08	0.08	0.07	0.06	0.05	0.03	0.01	-0.02	-0.04	-0.07	-0.09	-0.11	-0.13	-0.15	-0.16	-0.16	-0.17	
P04117_32-83	1.13	1.11	1.08	1.03	0.96	0.88	0.79	0.69	0.59	0.48	0.37	0.27	0.17	0.07	-0.01	-0.09	-0.15	-0.20	-0.24	-0.26	-0.28	-0.28	-0.26	-0.24	-0.21	-0.18	-0.14	-0.10	-0.06	-0.02	0.02	0.05	0.08	0.10	0.12	0.12	0.13	0.12	0.11	0.09	0.08	0.05	0.03	0.01	-0.02	-0.04	-0.06	-0.07	-0.09	-0.09	-0.09	-0.09	
P04117_32-83	1.12	1.10	1.07	1.02	0.96	0.88	0.80	0.70	0.60	0.50	0.39	0.29	0.19	0.10	0.02	-0.06	-0.12	-0.17	-0.21	-0.24	-0.25	-0.26	-0.25	-0.23	-0.21	-0.18	-0.15	-0.11	-0.08	-0.05	-0.01	0.01	0.04	0.05	0.06	0.07	0.07	0.06	0.05	0.03	0.01	-0.01	-0.04	-0.06	-0.08	-0.10	-0.12	-0.13	-0.14	-0.15	-0.15	-0.14	
P04117_32-83	1.23	1.21	1.17	1.10	1.02	0.93	0.82	0.70	0.58	0.45	0.32	0.20	0.08	-0.03	-0.13	-0.21	-0.28	-0.33	-0.36	-0.38	-0.38	-0.37	-0.34	-0.30	-0.26	-0.20	-0.15	-0.09	-0.04	0.02	0.06	0.10	0.13	0.16	0.17	0.17	0.17	0.15	0.13	0.10	0.06	0.03	-0.01	-0.05	-0.08	-0.11	-0.13	-0.15	-0.16	-0.17	-0.16	-0.15	
P04117_32-83	0.80	0.79	0.75	0.70	0.63	0.56	0.47	0.37	0.27	0.17	0.07	-0.03	-0.11	-0.19	-0.26	-0.31	-0.35	-0.38	-0.39	-0.38	-0.36	-0.33	-0.29	-0.24	-0.19	-0.13	-0.07	-0.01	0.04	0.09	0.13	0.17	0.19	0.21	0.21	0.20	0.19	0.17	0.14	0.10	0.06	0.02	-0.02	-0.05	-0.09	-0.11	-0.14	-0.15	-0.16	-0.16	-0.15	-0.13	
P04117_32-83	1.23	1.21	1.18	1.13	1.07	0.99	0.91	0.81	0.71	0.61	0.50	0.39	0.29	0.19	0.10	0.02	-0.05	-0.11	-0.16	-0.19	-0.22	-0.23	-0.23	-0.22	-0.20	-0.18	-0.15	-0.11	-0.08	-0.04	-0.00	0.03	0.06	0.09	0.11	0.12	0.13	0.13	0.13	0.12	0.10	0.08	0.05	0.03	-0.00	-0.03	-0.06	-0.09	-0.11	-0.14	-0.15	-0.17	
P04117_32-83	1.58	1.55	1.50	1.43	1.34	1.22	1.10	0.96	0.81	0.66	0.51	0.36	0.22	0.09	-0.03	-0.13	-0.22	-0.28	-0.33	-0.36	-0.37	-0.36	-0.34	-0.30	-0.26	-0.20	-0.14	-0.08	-0.02	0.03	0.08	0.13	0.16	0.19	0.20	0.20	0.19	0.18	0.15	0.12	0.08	0.04	0.00	-0.04	-0.08	-0.11	-0.14	-0.16	-0.17	-0.18	-0.17	-0.16	
P04117_51-102	1.38	1.36	1.32	1.26	1.18	1.09	0.98	0.86	0.74	0.61	0.48	0.36	0.24	0.12	0.02	-0.08	-0.15	-0.22	-0.27	-0.30	-0.32	-0.33	-0.32	-0.30	-0.27	-0.24	-0.20	-0.15	-0.11	-0.07	-0.03	0.01	0.04	0.06	0.08	0.08	0.08	0.08	0.06	0.05	0.02	-0.00	-0.03	-0.06	-0.09	-0.11	-0.13	-0.15	-0.16	-0.17	-0.16	-0.16	
P04117_51-102	1.30	1.28	1.24	1.18	1.11	1.02	0.92	0.81	0.69	0.57	0.44	0.32	0.21	0.10	-0.00	-0.09	-0.16	-0.23	-0.27	-0.31	-0.32	-0.33	-0.32	-0.31	-0.28	-0.25	-0.21	-0.17	-0.12	-0.08	-0.04	-0.01	0.02	0.04	0.06	0.06	0.07	0.06	0.05	0.03	0.01	-0.01	-0.04	-0.07	-0.09	-0.11	-0.13	-0.15	-0.16	-0.16	-0.16	-0.15	
P04117_51-102	1.10	1.08	1.05	1.00	0.94	0.87	0.78	0.69	0.59	0.49	0.39	0.28	0.19	0.09	0.01	-0.07	-0.13	-0.19	-0.23	-0.25	-0.27	-0.28	-0.27	-0.25	-0.23	-0.19	-0.16	-0.12	-0.07	-0.03	0.01	0.05	0.08	0.11	0.13	0.14	0.15	0.15	0.15	0.14	0.12	0.10	0.07	0.05	0.02	-0.01	-0.04	-0.06	-0.09	-0.11	-0.12	-0.13	
P04117_51-102	1.23	1.21	1.17	1.12	1.04	0.96	0.86	0.75	0.64	0.52	0.40	0.28	0.17	0.06	-0.03	-0.12	-0.19	-0.25	-0.29	-0.32	-0.33	-0.33	-0.31	-0.29	-0.25	-0.21	-0.16	-0.11	-0.06	-0.01	0.04	0.09	0.12	0.16	0.18	0.19	0.20	0.20	0.19	0.17	0.14	0.11	0.08	0.04	0.01	-0.03	-0.07	-0.10	-0.13	-0.15	-0.17	-0.18	
P04117_51-102	1.15	1.13	1.10	1.04	0.97	0.89	0.79	0.69	0.58	0.47	0.35	0.25	0.14	0.05	-0.04	-0.11	-0.17	-0.22	-0.25	-0.27	-0.27	-0.27	-0.25	-0.22	-0.18	-0.14	-0.10	-0.05	-0.01	0.03	0.07	0.10	0.12	0.14	0.14	0.14	0.14	0.12	0.10	0.07	0.04	0.01	-0.03	-0.06	-0.09	-0.12	-0.14	-0.16	-0.17	-0.18	-0.18	-0.17	
P04117_51-102	1.14	1.12	1.09	1.03	0.96	0.88	0.78	0.68	0.57	0.46	0.35	0.24	0.14	0.04	-0.04	-0.12	-0.18	-0.22	-0.26	-0.28	-0.28	-0.27	-0.25	-0.22	-0.19	-0.15	-0.10	-0.06	-0.01	0.03	0.07	0.11	0.13	0.15	0.16	0.17	0.16	0.15	0.13	0.11	0.08	0.05	0.02	-0.01	-0.04	-0.06	-0.08	-0.10	-0.11	-0.12	-0.12	-0.12	
P04117_51-102	1.27	1.25	1.21	1.16	1.08	1.00	0.89	0.78	0.67	0.55	0.43	0.31	0.20	0.09	-0.00	-0.08	-0.15	-0.21	-0.25	-0.27	-0.28	-0.28	-0.27	-0.25	-0.22	-0.18	-0.14	-0.10	-0.06	-0.02	0.01	0.04	0.06	0.08	0.09	0.09	0.09	0.08	0.06	0.04	0.02	-0.00	-0.03	-0.05	-0.07	-0.08	-0.09	-0.10	-0.10	-0.09	-0.08	-0.06	
P04117_51-102	0.88	0.87	0.84	0.80	0.75	0.69	0.62	0.55	0.47	0.39	0.30	0.22	0.15	0.07	0.01	-0.05	-0.10	-0.14	-0.17	-0.19	-0.20	-0.20	-0.20	-0.19	-0.18	-0.16	-0.14	-0.12	-0.10	-0.09	-0.07	-0.06	-0.05	-0.05	-0.04	-0.04	-0.05	-0.05	-0.06	-0.07	-0.07	-0.08	-0.08	-0.08	-0.07	-0.06	-0.05	-0.03	-0.01	0.01	0.04	0.06	
P04117_51-102	1.16	1.15	1.11	1.06	1.00	0.92	0.83	0.73	0.62	0.51	0.40	0.29	0.18	0.08	-0.02	-0.10	-0.17	-0.23	-0.28	-0.31	-0.34	-0.34	-0.34	-0.32	-0.30	-0.26	-0.22	-0.18	-0.13	-0.08	-0.03	0.01	0.05	0.09	0.12	0.14	0.15	0.16	0.15	0.14	0.13	0.10	0.08	0.04	0.01	-0.03	-0.06	-0.10	-0.13	-0.16	-0.18	-0.20	
P04117_51-102	1.60	1.58	1.52	1.45	1.35	1.24	1.11	0.97	0.82	0.66	0.51	0.35	0.21	0.08	-0.04	-0.15	-0.23	-0.30	-0.35	-0.38	-0.39	-0.38	-0.36	-0.32	-0.27	-0.22	-0.16	-0.10	-0.04	0.02	0.08	0.12	0.16	0.19	0.20	0.21	0.20	0.19	0.17	0.14	0.10	0.07	0.03	-0.01	-0.05	-0.08	-0.11	-0.13	-0.14	-0.15	-0.14	-0.13	
P04117_57-108	1.37	1.35	1.31	1.25	1.17	1.08	0.98	0.86	0.74	0.62	0.49	0.37	0.25	0.14	0.04	-0.05	-0.13	-0.19	-0.23	-0.27	-0.28	-0.29	-0.28	-0.26	-0.23	-0.20	-0.16	-0.12	-0.07	-0.03	0.01	0.04	0.06	0.08	0.10	0.10	0.10	0.09	0.07	0.05	0.02	-0.01	-0.04	-0.07	-0.10	-0.13	-0.15	-0.17	-0.18	-0.19	-0.20	-0.20	
P04117_57-108	1.28	1.26	1.22	1.17	1.10	1.02	0.92	0.82	0.71	0.59	0.48	0.36	0.25	0.15	0.05	-0.03	-0.11	-0.17	-0.21	-0.25	-0.27	-0.28	-0.27	-0.26	-0.24	-0.21	-0.17	-0.14	-0.10	-0.06	-0.03	0.01	0.03	0.05	0.07	0.08	0.08	0.07	0.06	0.04	0.02	-0.00	-0.03	-0.06	-0.08	-0.11	-0.13	-0.15	-0.17	-0.18	-0.19	-0.19	
P04117_57-108	1.11	1.10	1.06	1.02	0.95	0.88	0.79	0.69	0.59	0.49	0.38	0.28	0.18	0.09	0.00	-0.07	-0.14	-0.19	-0.23	-0.26	-0.27	-0.27	-0.27	-0.25	-0.22	-0.19	-0.16	-0.12	-0.07	-0.03	0.00	0.04	0.07	0.09	0.11	0.13	0.13	0.13	0.13	0.12	0.10	0.08	0.06	0.04	0.02	-0.01	-0.03	-0.04	-0.06	-0.07	-0.08	-0.08	
P04117_57-108	1.26	1.24	1.20	1.14	1.07	0.98	0.88	0.77	0.66	0.54	0.41	0.30	0.18	0.07	-0.02	-0.11	-0.18	-0.24	-0.29	-0.31	-0.33	-0.33	-0.32	-0.30	-0.26	-0.22	-0.18	-0.13	-0.08	-0.03	0.02	0.07	0.10	0.14	0.16	0.18	0.19	0.19	0.18	0.17	0.15	0.13	0.11	0.08	0.05	0.02	-0.00	-0.03	-0.05	-0.06	-0.08	-0.08	
P04117_57-108	1.13	1.12	1.08	1.03	0.96	0.88	0.79	0.69	0.58	0.47	0.36	0.26	0.15	0.06	-0.03	-0.10	-0.17	-0.21	-0.25	-0.27	-0.28	-0.28	-0.26	-0.24	-0.21	-0.17	-0.12	-0.08	-0.03	0.01	0.05	0.09	0.12	0.14	0.16	0.16	0.16	0.16	0.14	0.12	0.10	0.07	0.04	0.00	-0.03	-0.06	-0.09	-0.11	-0.13	-0.14	-0.15	-0.15	
P04117_57-108	1.14	1.12	1.08	1.03	0.96	0.87	0.78	0.67	0.56	0.45	0.34	0.22	0.12	0.02	-0.07	-0.15	-0.21	-0.26	-0.30	-0.32	-0.33	-0.32	-0.30	-0.27	-0.24	-0.19	-0.15	-0.10	-0.05	0.00	0.05	0.09	0.12	0.14	0.16	0.17	0.17	0.16	0.14	0.12	0.10	0.06	0.03	-0.00	-0.03	-0.07	-0.09	-0.12	-0.13	-0.14	-0.15	-0.15	
P04117_57-108	1.27	1.25	1.21	1.15	1.07	0.98	0.88	0.77	0.65	0.53	0.40	0.29	0.17	0.07	-0.03	-0.11	-0.18	-0.23	-0.27	-0.29	-0.30	-0.30	-0.28	-0.25	-0.22	-0.18	-0.13	-0.09	-0.04	-0.00	0.03	0.06	0.09	0.10	0.11	0.11	0.10	0.08	0.05	0.02	-0.01	-0.05	-0.08	-0.12	-0.15	-0.18	-0.20	-0.22	-0.23	-0.23	-0.23	-0.21	
P04117_57-108	0.90	0.88	0.85	0.81	0.75	0.69	0.62	0.54	0.45	0.36	0.28	0.20	0.12	0.05	-0.02	-0.07	-0.11	-0.14	-0.16	-0.18	-0.18	-0.17	-0.16	-0.14	-0.11	-0.09	-0.06	-0.04	-0.02	0.00	0.01	0.02	0.02	0.01	-0.00	-0.02	-0.05	-0.08	-0.11	-0.14	-0.17	-0.20	-0.23	-0.26	-0.27	-0.29	-0.29	-0.29	-0.28	-0.26	-0.23	-0.20	
P04117_57-108	1.15	1.14	1.10	1.06	1.00	0.93	0.84	0.75	0.66	0.55	0.45	0.35	0.24	0.15	0.06	-0.02	-0.10	-0.16	-0.21	-0.25	-0.28	-0.29	-0.30	-0.29	-0.28	-0.25	-0.23	-0.19	-0.15	-0.11	-0.07	-0.04	0.00	0.04	0.07	0.09	0.11	0.13	0.13	0.14	0.14	0.13	0.12	0.10	0.09	0.07	0.05	0.03	0.01	-0.01	-0.03	-0.05	
P04117_57-108	1.60	1.58	1.53	1.45	1.35	1.23	1.10	0.95	0.79	0.63	0.47	0.32	0.17	0.03	-0.10	-0.20	-0.29	-0.36	-0.41	-0.44	-0.44	-0.43	-0.41	-0.37	-0.32	-0.26	-0.19	-0.13	-0.06	0.00	0.06	0.11	0.15	0.18	0.19	0.20	0.19	0.18	0.15	0.12	0.08	0.03	-0.01	-0.06	-0.10	-0.14	-0.18	-0.21	-0.23	-0.24	-0.24	-0.23	
P04117_76-127	1.29	1.27	1.23	1.18	1.10	1.02	0.92	0.81	0.70	0.58	0.46	0.34	0.23	0.12	0.02	-0.07	-0.14	-0.20	-0.25	-0.28	-0.30	-0.31	-0.30	-0.28	-0.25	-0.21	-0.17	-0.12	-0.08	-0.03	0.02	0.06	0.10	0.13	0.16	0.18	0.19	0.19	0.18	0.17	0.15	0.12	0.09	0.06	0.02	-0.01	-0.04	-0.07	-0.10	-0.12	-0.14	-0.15	
P04117_76-127	1.20	1.19	1.15	1.10	1.03	0.95	0.86	0.76	0.66	0.54	0.43	0.32	0.22	0.12	0.03	-0.05	-0.12	-0.18	-0.22	-0.25	-0.27	-0.27	-0.27	-0.25	-0.22	-0.19	-0.15	-0.10	-0.06	-0.01	0.03	0.07	0.10	0.13	0.15	0.17	0.17	0.17	0.16	0.15	0.13	0.10	0.07	0.04	0.01	-0.03	-0.06	-0.09	-0.11	-0.13	-0.15	-0.16	
P04117_76-127	1.14	1.12	1.08	1.03	0.96	0.88	0.78	0.68	0.57	0.45	0.34	0.23	0.13	0.03	-0.06	-0.13	-0.19	-0.24	-0.27	-0.29	-0.29	-0.28	-0.26	-0.23	-0.20	-0.15	-0.11	-0.06	-0.01	0.03	0.07	0.11	0.13	0.15	0.16	0.15	0.15	0.13	0.10	0.07	0.04	-0.00	-0.04	-0.08	-0.12	-0.16	-0.19	-0.21	-0.23	-0.25	-0.25	-0.25	
P04117_76-127	1.28	1.26	1.22	1.16	1.08	0.99	0.89	0.77	0.65	0.53	0.41	0.28	0.17	0.06	-0.03	-0.12	-0.19	-0.24	-0.28	-0.30	-0.31	-0.31	-0.29	-0.26	-0.23	-0.19	-0.14	-0.09	-0.04	-0.00	0.04	0.07	0.10	0.12	0.13	0.13	0.12	0.10	0.07	0.04	0.01	-0.03	-0.07	-0.11	-0.15	-0.19	-0.22	-0.24	-0.26	-0.27	-0.27	-0.27	
P04117_76-127	1.16	1.14	1.11	1.05	0.99	0.91	0.82	0.72	0.62	0.51	0.40	0.29	0.19	0.09	0.00	-0.08	-0.14	-0.20	-0.24	-0.27	-0.29	-0.30	-0.29	-0.28	-0.26	-0.22	-0.19	-0.15	-0.11	-0.07	-0.03	0.00	0.03	0.06	0.08	0.09	0.10	0.10	0.10	0.09	0.08	0.06	0.05	0.03	0.01	-0.01	-0.03	-0.04	-0.05	-0.06	-0.07	-0.07	
P04117_76-127	1.22	1.20	1.16	1.11	1.04	0.96	0.86	0.76	0.65	0.54	0.42	0.31	0.20	0.10	0.01	-0.07	-0.14	-0.20	-0.24	-0.27	-0.29	-0.30	-0.29	-0.28	-0.25	-0.22	-0.19	-0.15	-0.11	-0.07	-0.03	0.00	0.03	0.06	0.08	0.09	0.10	0.10	0.10	0.09	0.08	0.06	0.05	0.03	0.01	0.00	-0.01	-0.02	-0.03	-0.03	-0.03	-0.02	
P04117_76-127	1.27	1.25	1.21	1.16	1.09	1.00	0.91	0.80	0.69	0.58	0.46	0.34	0.23	0.13	0.03	-0.06	-0.13	-0.20	-0.25	-0.28	-0.30	-0.31	-0.31	-0.30	-0.27	-0.24	-0.20	-0.16	-0.12	-0.07	-0.03	0.02	0.06	0.09	0.12	0.14	0.16	0.17	0.18	0.18	0.17	0.17	0.16	0.14	0.13	0.11	0.10	0.09	0.08	0.07	0.06	0.06	
P04117_76-127	0.89	0.87	0.85	0.81	0.77	0.71	0.65	0.58	0.50	0.42	0.34	0.26	0.18	0.10	0.03	-0.04	-0.10	-0.15	-0.19	-0.22	-0.25	-0.26	-0.26	-0.26	-0.24	-0.22	-0.19	-0.16	-0.12	-0.07	-0.03	0.02	0.07	0.12	0.16	0.20	0.24	0.27	0.30	0.32	0.33	0.34	0.35	0.34	0.34	0.33	0.31	0.29	0.27	0.25	0.22	0.19	
P04117_76-127	1.16	1.14	1.10	1.05	0.98	0.90	0.80	0.70	0.59	0.48	0.37	0.26	0.16	0.06	-0.02	-0.09	-0.15	-0.20	-0.23	-0.24	-0.24	-0.23	-0.21	-0.18	-0.14	-0.10	-0.06	-0.01	0.04	0.08	0.11	0.14	0.16	0.17	0.18	0.17	0.15	0.12	0.09	0.05	0.00	-0.05	-0.10	-0.15	-0.20	-0.24	-0.28	-0.31	-0.34	-0.36	-0.37	-0.37	
P04117_76-127	1.69	1.67	1.61	1.54	1.44	1.32	1.19	1.04	0.89	0.72	0.56	0.40	0.25	0.11	-0.02	-0.14	-0.23	-0.31	-0.37	-0.41	-0.43	-0.43	-0.42	-0.39	-0.35	-0.30	-0.24	-0.18	-0.12	-0.06	-0.00	0.05	0.09	0.13	0.15	0.17	0.18	0.18	0.17	0.15	0.13	0.10	0.07	0.04	0.01	-0.01	-0.03	-0.05	-0.07	-0.07	-0.07	-0.07	
P04117_82-133	1.34	1.31	1.27	1.21	1.12	1.02	0.91	0.79	0.66	0.52	0.39	0.26	0.13	0.02	-0.08	-0.17	-0.24	-0.30	-0.34	-0.36	-0.36	-0.35	-0.33	-0.30	-0.26	-0.21	-0.15	-0.10	-0.05	0.00	0.05	0.09	0.12	0.14	0.15	0.16	0.15	0.14	0.12	0.09	0.06	0.03	-0.00	-0.04	-0.07	-0.10	-0.12	-0.14	-0.15	-0.15	-0.15	-0.15	
P04117_82-133	1.23	1.21	1.17	1.11	1.04	0.95	0.85	0.73	0.62	0.50	0.38	0.26	0.15	0.04	-0.05	-0.13	-0.20	-0.25	-0.29	-0.31	-0.31	-0.31	-0.29	-0.26	-0.23	-0.19	-0.14	-0.09	-0.04	0.00	0.04	0.08	0.11	0.13	0.14	0.15	0.15	0.14	0.12	0.10	0.07	0.04	0.02	-0.01	-0.04	-0.07	-0.09	-0.11	-0.12	-0.13	-0.13	-0.13	
P04117_82-133	1.16	1.14	1.10	1.05	0.98	0.90	0.81	0.71	0.60	0.49	0.38	0.27	0.16	0.06	-0.03	-0.10	-0.17	-0.22	-0.26	-0.28	-0.29	-0.29	-0.27	-0.25	-0.21	-0.17	-0.12	-0.07	-0.02	0.03	0.08	0.12	0.16	0.19	0.21	0.22	0.23	0.22	0.21	0.19	0.17	0.14	0.10	0.06	0.03	-0.01	-0.05	-0.08	-0.11	-0.14	-0.16	-0.17	
P04117_82-133	1.30	1.28	1.24	1.19	1.11	1.02	0.92	0.81	0.69	0.56	0.44	0.32	0.20	0.09	-0.00	-0.09	-0.16	-0.22	-0.26	-0.29	-0.30	-0.30	-0.28	-0.25	-0.22	-0.17	-0.12	-0.07	-0.02	0.04	0.08	0.13	0.16	0.19	0.21	0.22	0.22	0.21	0.20	0.17	0.14	0.11	0.07	0.03	-0.01	-0.05	-0.09	-0.13	-0.16	-0.18	-0.20	-0.21	
P04117_82-133	1.13	1.11	1.08	1.03	0.97	0.90	0.82	0.72	0.62	0.52	0.42	0.32	0.22	0.12	0.04	-0.04	-0.11	-0.16	-0.21	-0.24	-0.26	-0.27	-0.27	-0.26	-0.24	-0.22	-0.19	-0.15	-0.12	-0.09	-0.05	-0.03	0.00	0.02	0.04	0.05	0.05	0.05	0.05	0.04	0.03	0.01	-0.01	-0.03	-0.04	-0.06	-0.07	-0.09	-0.09	-0.10	-0.10	-0.10	
P04117_82-133	1.16	1.14	1.11	1.06	1.00	0.93	0.84	0.75	0.65	0.55	0.45	0.34	0.24	0.15	0.06	-0.02	-0.09	-0.14	-0.19	-0.23	-0.25	-0.26	-0.27	-0.26	-0.25	-0.23	-0.20	-0.17	-0.14	-0.11	-0.08	-0.05	-0.02	-0.00	0.02	0.03	0.03	0.03	0.03	0.02	0.01	-0.01	-0.02	-0.04	-0.06	-0.07	-0.09	-0.10	-0.10	-0.11	-0.11	-0.10	
P04117_82-133	1.22	1.20	1.16	1.11	1.04	0.95	0.86	0.75	0.64	0.53	0.41	0.30	0.19	0.08	-0.01	-0.10	-0.17	-0.23	-0.28	-0.31	-0.33	-0.34	-0.34	-0.32	-0.30	-0.28	-0.24	-0.21	-0.17	-0.13	-0.10	-0.07	-0.04	-0.02	-0.01	0.00	0.01	0.00	-0.00	-0.01	-0.03	-0.04	-0.06	-0.07	-0.08	-0.09	-0.10	-0.11	-0.11	-0.10	-0.09	-0.08	
P04117_82-133	0.84	0.82	0.80	0.76	0.71	0.65	0.58	0.50	0.42	0.33	0.24	0.16	0.07	-0.01	-0.08	-0.14	-0.20	-0.25	-0.29	-0.32	-0.34	-0.35	-0.36	-0.35	-0.34	-0.32	-0.30	-0.27	-0.24	-0.22	-0.19	-0.16	-0.13	-0.11	-0.09	-0.07	-0.05	-0.04	-0.03	-0.02	-0.02	-0.01	-0.01	-0.00	0.00	0.01	0.02	0.03	0.04	0.05	0.06	0.08	
P04117_82-133	1.18	1.16	1.13	1.07	1.01	0.92	0.83	0.73	0.62	0.51	0.40	0.30	0.19	0.10	0.01	-0.06	-0.12	-0.17	-0.20	-0.22	-0.23	-0.22	-0.20	-0.17	-0.13	-0.09	-0.04	0.01	0.06	0.11	0.16	0.20	0.24	0.27	0.29	0.30	0.30	0.29	0.28	0.25	0.22	0.19	0.15	0.11	0.07	0.03	-0.01	-0.05	-0.08	-0.11	-0.14	-0.16	
P04117_82-133	1.68	1.65	1.60	1.52	1.42	1.30	1.17	1.02	0.86	0.70	0.54	0.38	0.23	0.08	-0.05	-0.16	-0.26	-0.33	-0.39	-0.43	-0.45	-0.45	-0.43	-0.40	-0.36	-0.31	-0.26	-0.20	-0.14	-0.09	-0.04	0.01	0.05	0.07	0.09	0.10	0.09	0.08	0.06	0.04	0.01	-0.03	-0.06	-0.10	-0.13	-0.16	-0.19	-0.20	-0.22	-0.22	-0.21	-0.20	
