P07091_1-52	1.48	1.46	1.41	1.35	1.27	1.17	1.06	0.94	0.81	0.67	0.54	0.40	0.27	0.15	0.04	-0.06	-0.14	-0.21	-0.26	-0.30	-0.32	-0.32	-0.31	-0.29	-0.26	-0.21	-0.16	-0.10	-0.05	0.01	0.07	0.12	0.17	0.21	0.25	0.27	0.29	0.29	0.29	0.28	0.27	0.25	0.22	0.19	0.16	0.12	0.09	0.06	0.03	0.00	-0.02	-0.04	
P07091_1-52	1.36	1.34	1.30	1.25	1.17	1.08	0.98	0.87	0.75	0.63	0.51	0.38	0.27	0.16	0.05	-0.04	-0.11	-0.18	-0.23	-0.26	-0.28	-0.29	-0.28	-0.26	-0.23	-0.19	-0.14	-0.09	-0.04	0.01	0.06	0.11	0.15	0.19	0.22	0.24	0.26	0.27	0.27	0.26	0.24	0.23	0.20	0.17	0.15	0.12	0.09	0.06	0.03	0.01	-0.02	-0.03	
P07091_1-52	0.95	0.94	0.91	0.87	0.82	0.76	0.69	0.61	0.53	0.45	0.36	0.28	0.19	0.12	0.05	-0.01	-0.07	-0.11	-0.14	-0.17	-0.18	-0.18	-0.18	-0.16	-0.15	-0.12	-0.09	-0.06	-0.03	-0.00	0.03	0.05	0.07	0.09	0.10	0.10	0.10	0.09	0.08	0.06	0.04	0.01	-0.01	-0.04	-0.07	-0.10	-0.12	-0.15	-0.17	-0.19	-0.20	-0.21	
P07091_1-52	1.09	1.07	1.04	1.00	0.94	0.86	0.78	0.69	0.60	0.50	0.40	0.30	0.20	0.12	0.04	-0.04	-0.10	-0.15	-0.19	-0.21	-0.23	-0.23	-0.22	-0.21	-0.18	-0.15	-0.12	-0.08	-0.05	-0.01	0.02	0.05	0.08	0.10	0.11	0.12	0.11	0.11	0.09	0.07	0.05	0.02	-0.01	-0.04	-0.07	-0.10	-0.13	-0.16	-0.18	-0.20	-0.21	-0.22	
P07091_1-52	1.22	1.20	1.16	1.10	1.03	0.94	0.84	0.73	0.61	0.49	0.37	0.25	0.13	0.03	-0.07	-0.16	-0.23	-0.29	-0.33	-0.36	-0.38	-0.38	-0.37	-0.35	-0.32	-0.28	-0.24	-0.20	-0.15	-0.11	-0.07	-0.03	-0.00	0.02	0.04	0.05	0.05	0.05	0.04	0.02	0.00	-0.02	-0.04	-0.06	-0.08	-0.10	-0.11	-0.12	-0.12	-0.12	-0.11	-0.10	
P07091_1-52	1.14	1.12	1.08	1.03	0.95	0.87	0.77	0.66	0.55	0.43	0.32	0.20	0.10	-0.00	-0.09	-0.17	-0.23	-0.28	-0.32	-0.34	-0.34	-0.34	-0.32	-0.30	-0.27	-0.23	-0.19	-0.15	-0.11	-0.07	-0.04	-0.02	0.00	0.01	0.01	0.01	-0.00	-0.02	-0.04	-0.07	-0.09	-0.12	-0.15	-0.17	-0.19	-0.21	-0.22	-0.22	-0.21	-0.20	-0.18	-0.15	
P07091_1-52	1.27	1.25	1.21	1.15	1.07	0.98	0.88	0.76	0.64	0.51	0.39	0.27	0.15	0.04	-0.06	-0.15	-0.22	-0.28	-0.32	-0.35	-0.36	-0.36	-0.35	-0.33	-0.30	-0.26	-0.22	-0.17	-0.13	-0.08	-0.05	-0.01	0.02	0.04	0.05	0.06	0.06	0.05	0.04	0.03	0.01	-0.01	-0.03	-0.05	-0.06	-0.07	-0.08	-0.08	-0.08	-0.08	-0.06	-0.05	
P07091_1-52	1.02	1.00	0.97	0.92	0.86	0.78	0.69	0.60	0.50	0.40	0.30	0.20	0.10	0.01	-0.07	-0.14	-0.20	-0.25	-0.28	-0.30	-0.32	-0.32	-0.31	-0.29	-0.26	-0.23	-0.20	-0.16	-0.12	-0.09	-0.05	-0.02	0.00	0.03	0.04	0.05	0.06	0.06	0.05	0.05	0.04	0.03	0.02	0.01	-0.00	-0.01	-0.01	-0.01	-0.01	-0.00	0.01	0.02	
P07091_1-52	1.09	1.08	1.05	1.00	0.95	0.88	0.80	0.71	0.62	0.52	0.42	0.33	0.24	0.15	0.07	0.00	-0.06	-0.10	-0.14	-0.16	-0.18	-0.18	-0.17	-0.15	-0.13	-0.09	-0.06	-0.02	0.02	0.06	0.10	0.13	0.16	0.18	0.19	0.20	0.20	0.19	0.18	0.16	0.13	0.10	0.07	0.03	-0.01	-0.05	-0.08	-0.12	-0.15	-0.17	-0.20	-0.21	
P07091_1-52	1.53	1.50	1.46	1.39	1.30	1.19	1.07	0.93	0.79	0.65	0.50	0.36	0.22	0.10	-0.02	-0.12	-0.20	-0.27	-0.32	-0.35	-0.37	-0.37	-0.35	-0.33	-0.29	-0.25	-0.20	-0.15	-0.10	-0.05	-0.01	0.03	0.06	0.08	0.09	0.09	0.09	0.08	0.06	0.04	0.01	-0.02	-0.05	-0.07	-0.10	-0.12	-0.13	-0.14	-0.14	-0.14	-0.13	-0.11	
P07091_1-52	1.48	1.46	1.41	1.35	1.27	1.17	1.06	0.94	0.81	0.67	0.54	0.40	0.27	0.15	0.04	-0.06	-0.14	-0.21	-0.26	-0.30	-0.32	-0.32	-0.31	-0.29	-0.26	-0.21	-0.16	-0.10	-0.05	0.01	0.07	0.12	0.17	0.21	0.25	0.27	0.29	0.29	0.29	0.28	0.27	0.25	0.22	0.19	0.16	0.12	0.09	0.06	0.03	0.00	-0.02	-0.04	
P07091_1-52	1.36	1.34	1.30	1.25	1.17	1.08	0.98	0.87	0.75	0.63	0.51	0.38	0.27	0.16	0.05	-0.04	-0.11	-0.18	-0.23	-0.26	-0.28	-0.29	-0.28	-0.26	-0.23	-0.19	-0.14	-0.09	-0.04	0.01	0.06	0.11	0.15	0.19	0.22	0.24	0.26	0.27	0.27	0.26	0.24	0.23	0.20	0.17	0.15	0.12	0.09	0.06	0.03	0.01	-0.02	-0.03	
P07091_1-52	0.95	0.94	0.91	0.87	0.82	0.76	0.69	0.61	0.53	0.45	0.36	0.28	0.19	0.12	0.05	-0.01	-0.07	-0.11	-0.14	-0.17	-0.18	-0.18	-0.18	-0.16	-0.15	-0.12	-0.09	-0.06	-0.03	-0.00	0.03	0.05	0.07	0.09	0.10	0.10	0.10	0.09	0.08	0.06	0.04	0.01	-0.01	-0.04	-0.07	-0.10	-0.12	-0.15	-0.17	-0.19	-0.20	-0.21	
P07091_1-52	1.09	1.07	1.04	1.00	0.94	0.86	0.78	0.69	0.60	0.50	0.40	0.30	0.20	0.12	0.04	-0.04	-0.10	-0.15	-0.19	-0.21	-0.23	-0.23	-0.22	-0.21	-0.18	-0.15	-0.12	-0.08	-0.05	-0.01	0.02	0.05	0.08	0.10	0.11	0.12	0.11	0.11	0.09	0.07	0.05	0.02	-0.01	-0.04	-0.07	-0.10	-0.13	-0.16	-0.18	-0.20	-0.21	-0.22	
P07091_1-52	1.22	1.20	1.16	1.10	1.03	0.94	0.84	0.73	0.61	0.49	0.37	0.25	0.13	0.03	-0.07	-0.16	-0.23	-0.29	-0.33	-0.36	-0.38	-0.38	-0.37	-0.35	-0.32	-0.28	-0.24	-0.20	-0.15	-0.11	-0.07	-0.03	-0.00	0.02	0.04	0.05	0.05	0.05	0.04	0.02	0.00	-0.02	-0.04	-0.06	-0.08	-0.10	-0.11	-0.12	-0.12	-0.12	-0.11	-0.10	
P07091_1-52	1.14	1.12	1.08	1.03	0.95	0.87	0.77	0.66	0.55	0.43	0.32	0.20	0.10	-0.00	-0.09	-0.17	-0.23	-0.28	-0.32	-0.34	-0.34	-0.34	-0.32	-0.30	-0.27	-0.23	-0.19	-0.15	-0.11	-0.07	-0.04	-0.02	0.00	0.01	0.01	0.01	-0.00	-0.02	-0.04	-0.07	-0.09	-0.12	-0.15	-0.17	-0.19	-0.21	-0.22	-0.22	-0.21	-0.20	-0.18	-0.15	
P07091_1-52	1.27	1.25	1.21	1.15	1.07	0.98	0.88	0.76	0.64	0.51	0.39	0.27	0.15	0.04	-0.06	-0.15	-0.22	-0.28	-0.32	-0.35	-0.36	-0.36	-0.35	-0.33	-0.30	-0.26	-0.22	-0.17	-0.13	-0.08	-0.05	-0.01	0.02	0.04	0.05	0.06	0.06	0.05	0.04	0.03	0.01	-0.01	-0.03	-0.05	-0.06	-0.07	-0.08	-0.08	-0.08	-0.08	-0.06	-0.05	
P07091_1-52	1.02	1.00	0.97	0.92	0.86	0.78	0.69	0.60	0.50	0.40	0.30	0.20	0.10	0.01	-0.07	-0.14	-0.20	-0.25	-0.28	-0.30	-0.32	-0.32	-0.31	-0.29	-0.26	-0.23	-0.20	-0.16	-0.12	-0.09	-0.05	-0.02	0.00	0.03	0.04	0.05	0.06	0.06	0.05	0.05	0.04	0.03	0.02	0.01	-0.00	-0.01	-0.01	-0.01	-0.01	-0.00	0.01	0.02	
P07091_1-52	1.09	1.08	1.05	1.00	0.95	0.88	0.80	0.71	0.62	0.52	0.42	0.33	0.24	0.15	0.07	0.00	-0.06	-0.10	-0.14	-0.16	-0.18	-0.18	-0.17	-0.15	-0.13	-0.09	-0.06	-0.02	0.02	0.06	0.10	0.13	0.16	0.18	0.19	0.20	0.20	0.19	0.18	0.16	0.13	0.10	0.07	0.03	-0.01	-0.05	-0.08	-0.12	-0.15	-0.17	-0.20	-0.21	
P07091_1-52	1.53	1.50	1.46	1.39	1.30	1.19	1.07	0.93	0.79	0.65	0.50	0.36	0.22	0.10	-0.02	-0.12	-0.20	-0.27	-0.32	-0.35	-0.37	-0.37	-0.35	-0.33	-0.29	-0.25	-0.20	-0.15	-0.10	-0.05	-0.01	0.03	0.06	0.08	0.09	0.09	0.09	0.08	0.06	0.04	0.01	-0.02	-0.05	-0.07	-0.10	-0.12	-0.13	-0.14	-0.14	-0.14	-0.13	-0.11	
P07091_26-77	1.53	1.51	1.46	1.40	1.31	1.21	1.10	0.98	0.84	0.71	0.57	0.43	0.30	0.18	0.07	-0.03	-0.12	-0.19	-0.24	-0.28	-0.30	-0.31	-0.30	-0.28	-0.25	-0.22	-0.17	-0.13	-0.08	-0.03	0.01	0.05	0.08	0.11	0.13	0.14	0.14	0.14	0.13	0.11	0.09	0.06	0.03	0.00	-0.02	-0.05	-0.07	-0.09	-0.11	-0.11	-0.12	-0.11	
P07091_26-77	1.35	1.33	1.29	1.24	1.17	1.09	0.99	0.88	0.77	0.65	0.53	0.42	0.30	0.20	0.10	0.01	-0.07	-0.14	-0.19	-0.23	-0.25	-0.27	-0.27	-0.26	-0.24	-0.21	-0.18	-0.14	-0.10	-0.06	-0.02	0.02	0.05	0.07	0.09	0.11	0.12	0.12	0.11	0.11	0.09	0.07	0.05	0.03	0.01	-0.01	-0.03	-0.05	-0.06	-0.08	-0.08	-0.08	
P07091_26-77	0.94	0.92	0.89	0.85	0.79	0.73	0.65	0.57	0.48	0.39	0.30	0.21	0.13	0.05	-0.02	-0.08	-0.13	-0.17	-0.20	-0.21	-0.22	-0.22	-0.21	-0.19	-0.16	-0.13	-0.10	-0.06	-0.03	0.00	0.03	0.06	0.08	0.09	0.10	0.10	0.10	0.09	0.08	0.06	0.04	0.02	-0.00	-0.03	-0.05	-0.07	-0.08	-0.09	-0.10	-0.11	-0.11	-0.10	
P07091_26-77	1.11	1.09	1.06	1.01	0.94	0.86	0.77	0.67	0.57	0.46	0.35	0.25	0.15	0.06	-0.03	-0.10	-0.16	-0.20	-0.24	-0.26	-0.26	-0.26	-0.24	-0.22	-0.19	-0.15	-0.11	-0.07	-0.03	0.01	0.05	0.08	0.10	0.12	0.13	0.13	0.13	0.12	0.10	0.08	0.05	0.03	0.00	-0.03	-0.05	-0.07	-0.09	-0.11	-0.12	-0.12	-0.12	-0.11	
P07091_26-77	1.23	1.21	1.17	1.12	1.05	0.96	0.86	0.76	0.64	0.53	0.41	0.30	0.18	0.08	-0.01	-0.10	-0.16	-0.22	-0.26	-0.29	-0.30	-0.30	-0.29	-0.27	-0.24	-0.20	-0.15	-0.11	-0.06	-0.01	0.03	0.07	0.11	0.14	0.16	0.17	0.17	0.17	0.15	0.14	0.11	0.08	0.05	0.02	-0.01	-0.04	-0.07	-0.10	-0.12	-0.14	-0.15	-0.15	
P07091_26-77	1.19	1.17	1.13	1.07	0.99	0.90	0.79	0.68	0.56	0.43	0.31	0.18	0.07	-0.04	-0.14	-0.22	-0.29	-0.34	-0.38	-0.40	-0.40	-0.39	-0.37	-0.33	-0.29	-0.23	-0.17	-0.11	-0.05	0.01	0.06	0.11	0.15	0.18	0.20	0.22	0.22	0.21	0.20	0.17	0.14	0.11	0.07	0.03	-0.01	-0.05	-0.09	-0.12	-0.15	-0.17	-0.19	-0.19	
P07091_26-77	1.31	1.29	1.25	1.19	1.11	1.02	0.92	0.80	0.68	0.55	0.42	0.30	0.18	0.06	-0.04	-0.13	-0.21	-0.27	-0.32	-0.35	-0.36	-0.36	-0.35	-0.32	-0.29	-0.24	-0.19	-0.13	-0.07	-0.01	0.05	0.10	0.14	0.18	0.21	0.23	0.24	0.25	0.24	0.22	0.20	0.17	0.13	0.10	0.06	0.02	-0.02	-0.06	-0.09	-0.12	-0.14	-0.16	
P07091_26-77	0.94	0.92	0.90	0.86	0.81	0.75	0.68	0.61	0.53	0.45	0.37	0.28	0.21	0.13	0.07	0.01	-0.04	-0.09	-0.12	-0.14	-0.15	-0.15	-0.14	-0.13	-0.11	-0.08	-0.05	-0.02	0.01	0.04	0.07	0.10	0.12	0.14	0.15	0.16	0.15	0.15	0.14	0.12	0.10	0.07	0.05	0.02	-0.01	-0.04	-0.06	-0.09	-0.10	-0.12	-0.13	-0.13	
P07091_26-77	1.05	1.03	1.00	0.95	0.89	0.82	0.74	0.65	0.56	0.46	0.36	0.27	0.18	0.09	0.01	-0.06	-0.11	-0.16	-0.20	-0.22	-0.24	-0.24	-0.23	-0.22	-0.20	-0.17	-0.14	-0.11	-0.08	-0.05	-0.03	-0.00	0.01	0.03	0.04	0.04	0.04	0.03	0.02	0.00	-0.01	-0.03	-0.05	-0.07	-0.08	-0.09	-0.10	-0.11	-0.11	-0.11	-0.11	-0.10	
P07091_26-77	1.61	1.58	1.53	1.45	1.35	1.24	1.10	0.95	0.80	0.64	0.47	0.31	0.16	0.02	-0.11	-0.22	-0.32	-0.39	-0.45	-0.48	-0.50	-0.50	-0.48	-0.44	-0.39	-0.33	-0.27	-0.20	-0.13	-0.05	0.01	0.07	0.13	0.17	0.20	0.22	0.24	0.24	0.23	0.21	0.18	0.15	0.11	0.07	0.03	-0.01	-0.04	-0.07	-0.10	-0.12	-0.13	-0.14	
P07091_26-77	1.53	1.51	1.46	1.40	1.31	1.21	1.10	0.98	0.84	0.71	0.57	0.43	0.30	0.18	0.07	-0.03	-0.12	-0.19	-0.24	-0.28	-0.30	-0.31	-0.30	-0.28	-0.25	-0.22	-0.17	-0.13	-0.08	-0.03	0.01	0.05	0.08	0.11	0.13	0.14	0.14	0.14	0.13	0.11	0.09	0.06	0.03	0.00	-0.02	-0.05	-0.07	-0.09	-0.11	-0.11	-0.12	-0.11	
P07091_26-77	1.35	1.33	1.29	1.24	1.17	1.09	0.99	0.88	0.77	0.65	0.53	0.42	0.30	0.20	0.10	0.01	-0.07	-0.14	-0.19	-0.23	-0.25	-0.27	-0.27	-0.26	-0.24	-0.21	-0.18	-0.14	-0.10	-0.06	-0.02	0.02	0.05	0.07	0.09	0.11	0.12	0.12	0.11	0.11	0.09	0.07	0.05	0.03	0.01	-0.01	-0.03	-0.05	-0.06	-0.08	-0.08	-0.08	
P07091_26-77	0.94	0.92	0.89	0.85	0.79	0.73	0.65	0.57	0.48	0.39	0.30	0.21	0.13	0.05	-0.02	-0.08	-0.13	-0.17	-0.20	-0.21	-0.22	-0.22	-0.21	-0.19	-0.16	-0.13	-0.10	-0.06	-0.03	0.00	0.03	0.06	0.08	0.09	0.10	0.10	0.10	0.09	0.08	0.06	0.04	0.02	-0.00	-0.03	-0.05	-0.07	-0.08	-0.09	-0.10	-0.11	-0.11	-0.10	
P07091_26-77	1.11	1.09	1.06	1.01	0.94	0.86	0.77	0.67	0.57	0.46	0.35	0.25	0.15	0.06	-0.03	-0.10	-0.16	-0.20	-0.24	-0.26	-0.26	-0.26	-0.24	-0.22	-0.19	-0.15	-0.11	-0.07	-0.03	0.01	0.05	0.08	0.10	0.12	0.13	0.13	0.13	0.12	0.10	0.08	0.05	0.03	0.00	-0.03	-0.05	-0.07	-0.09	-0.11	-0.12	-0.12	-0.12	-0.11	
P07091_26-77	1.23	1.21	1.17	1.12	1.05	0.96	0.86	0.76	0.64	0.53	0.41	0.30	0.18	0.08	-0.01	-0.10	-0.16	-0.22	-0.26	-0.29	-0.30	-0.30	-0.29	-0.27	-0.24	-0.20	-0.15	-0.11	-0.06	-0.01	0.03	0.07	0.11	0.14	0.16	0.17	0.17	0.17	0.15	0.14	0.11	0.08	0.05	0.02	-0.01	-0.04	-0.07	-0.10	-0.12	-0.14	-0.15	-0.15	
P07091_26-77	1.19	1.17	1.13	1.07	0.99	0.90	0.79	0.68	0.56	0.43	0.31	0.18	0.07	-0.04	-0.14	-0.22	-0.29	-0.34	-0.38	-0.40	-0.40	-0.39	-0.37	-0.33	-0.29	-0.23	-0.17	-0.11	-0.05	0.01	0.06	0.11	0.15	0.18	0.20	0.22	0.22	0.21	0.20	0.17	0.14	0.11	0.07	0.03	-0.01	-0.05	-0.09	-0.12	-0.15	-0.17	-0.19	-0.19	
P07091_26-77	1.31	1.29	1.25	1.19	1.11	1.02	0.92	0.80	0.68	0.55	0.42	0.30	0.18	0.06	-0.04	-0.13	-0.21	-0.27	-0.32	-0.35	-0.36	-0.36	-0.35	-0.32	-0.29	-0.24	-0.19	-0.13	-0.07	-0.01	0.05	0.10	0.14	0.18	0.21	0.23	0.24	0.25	0.24	0.22	0.20	0.17	0.13	0.10	0.06	0.02	-0.02	-0.06	-0.09	-0.12	-0.14	-0.16	
P07091_26-77	0.94	0.92	0.90	0.86	0.81	0.75	0.68	0.61	0.53	0.45	0.37	0.28	0.21	0.13	0.07	0.01	-0.04	-0.09	-0.12	-0.14	-0.15	-0.15	-0.14	-0.13	-0.11	-0.08	-0.05	-0.02	0.01	0.04	0.07	0.10	0.12	0.14	0.15	0.16	0.15	0.15	0.14	0.12	0.10	0.07	0.05	0.02	-0.01	-0.04	-0.06	-0.09	-0.10	-0.12	-0.13	-0.13	
P07091_26-77	1.05	1.03	1.00	0.95	0.89	0.82	0.74	0.65	0.56	0.46	0.36	0.27	0.18	0.09	0.01	-0.06	-0.11	-0.16	-0.20	-0.22	-0.24	-0.24	-0.23	-0.22	-0.20	-0.17	-0.14	-0.11	-0.08	-0.05	-0.03	-0.00	0.01	0.03	0.04	0.04	0.04	0.03	0.02	0.00	-0.01	-0.03	-0.05	-0.07	-0.08	-0.09	-0.10	-0.11	-0.11	-0.11	-0.11	-0.10	
P07091_26-77	1.61	1.58	1.53	1.45	1.35	1.24	1.10	0.95	0.80	0.64	0.47	0.31	0.16	0.02	-0.11	-0.22	-0.32	-0.39	-0.45	-0.48	-0.50	-0.50	-0.48	-0.44	-0.39	-0.33	-0.27	-0.20	-0.13	-0.05	0.01	0.07	0.13	0.17	0.20	0.22	0.24	0.24	0.23	0.21	0.18	0.15	0.11	0.07	0.03	-0.01	-0.04	-0.07	-0.10	-0.12	-0.13	-0.14	
P07091_51-102	1.52	1.49	1.45	1.38	1.30	1.19	1.08	0.95	0.81	0.67	0.53	0.39	0.25	0.13	0.01	-0.09	-0.17	-0.24	-0.29	-0.32	-0.34	-0.34	-0.33	-0.30	-0.26	-0.22	-0.17	-0.11	-0.06	-0.00	0.05	0.10	0.14	0.17	0.20	0.21	0.22	0.22	0.21	0.20	0.18	0.15	0.12	0.09	0.07	0.04	0.01	-0.01	-0.03	-0.04	-0.05	-0.05	
P07091_51-102	1.34	1.32	1.28	1.22	1.15	1.06	0.95	0.84	0.72	0.60	0.47	0.35	0.24	0.13	0.03	-0.06	-0.13	-0.19	-0.23	-0.26	-0.27	-0.27	-0.26	-0.24	-0.20	-0.16	-0.12	-0.07	-0.02	0.03	0.07	0.11	0.15	0.18	0.20	0.21	0.21	0.21	0.20	0.19	0.17	0.15	0.12	0.09	0.07	0.04	0.02	0.00	-0.02	-0.03	-0.03	-0.03	
P07091_51-102	0.95	0.94	0.91	0.87	0.82	0.76	0.70	0.62	0.54	0.45	0.37	0.28	0.20	0.11	0.04	-0.04	-0.10	-0.15	-0.20	-0.24	-0.27	-0.28	-0.29	-0.30	-0.29	-0.28	-0.26	-0.23	-0.20	-0.17	-0.14	-0.11	-0.08	-0.05	-0.02	0.01	0.03	0.05	0.06	0.07	0.08	0.09	0.09	0.09	0.09	0.09	0.08	0.07	0.07	0.06	0.06	0.05	
P07091_51-102	1.10	1.09	1.06	1.01	0.96	0.89	0.81	0.72	0.63	0.53	0.43	0.33	0.23	0.13	0.05	-0.04	-0.11	-0.17	-0.22	-0.27	-0.30	-0.32	-0.33	-0.33	-0.32	-0.30	-0.28	-0.25	-0.22	-0.19	-0.15	-0.12	-0.08	-0.05	-0.02	0.01	0.03	0.05	0.06	0.08	0.08	0.09	0.09	0.09	0.08	0.08	0.07	0.06	0.06	0.05	0.04	0.04	
P07091_51-102	1.21	1.19	1.15	1.09	1.02	0.93	0.83	0.72	0.60	0.48	0.36	0.24	0.13	0.03	-0.06	-0.13	-0.19	-0.24	-0.26	-0.28	-0.28	-0.26	-0.23	-0.20	-0.15	-0.11	-0.05	-0.00	0.05	0.09	0.13	0.16	0.18	0.20	0.20	0.19	0.17	0.14	0.10	0.06	0.01	-0.03	-0.09	-0.13	-0.18	-0.22	-0.26	-0.29	-0.31	-0.32	-0.32	-0.31	
P07091_51-102	1.23	1.21	1.17	1.11	1.04	0.95	0.85	0.74	0.63	0.51	0.39	0.27	0.17	0.06	-0.03	-0.10	-0.17	-0.22	-0.25	-0.27	-0.28	-0.27	-0.25	-0.22	-0.18	-0.14	-0.09	-0.05	-0.00	0.04	0.08	0.10	0.12	0.13	0.13	0.13	0.11	0.08	0.05	0.01	-0.04	-0.09	-0.14	-0.18	-0.23	-0.27	-0.31	-0.33	-0.36	-0.37	-0.37	-0.37	
P07091_51-102	1.26	1.24	1.20	1.15	1.07	0.98	0.88	0.77	0.65	0.54	0.42	0.31	0.20	0.10	0.02	-0.05	-0.11	-0.15	-0.17	-0.18	-0.18	-0.16	-0.13	-0.10	-0.06	-0.01	0.04	0.08	0.12	0.16	0.18	0.20	0.21	0.20	0.19	0.16	0.13	0.09	0.04	-0.02	-0.08	-0.13	-0.19	-0.24	-0.29	-0.33	-0.37	-0.39	-0.40	-0.40	-0.40	-0.38	
P07091_51-102	0.87	0.85	0.82	0.77	0.71	0.63	0.55	0.46	0.37	0.27	0.18	0.10	0.02	-0.05	-0.11	-0.15	-0.18	-0.19	-0.20	-0.18	-0.16	-0.13	-0.09	-0.04	0.01	0.06	0.11	0.15	0.19	0.22	0.24	0.25	0.24	0.23	0.20	0.17	0.12	0.07	0.01	-0.05	-0.11	-0.17	-0.22	-0.27	-0.32	-0.35	-0.38	-0.39	-0.39	-0.38	-0.36	-0.32	
P07091_51-102	1.12	1.10	1.07	1.02	0.97	0.90	0.82	0.73	0.63	0.53	0.43	0.32	0.22	0.12	0.02	-0.06	-0.14	-0.21	-0.27	-0.31	-0.35	-0.37	-0.38	-0.38	-0.37	-0.35	-0.32	-0.29	-0.25	-0.20	-0.15	-0.10	-0.05	-0.00	0.05	0.09	0.13	0.16	0.19	0.22	0.23	0.24	0.25	0.25	0.24	0.23	0.22	0.20	0.18	0.16	0.14	0.12	
P07091_51-102	1.65	1.62	1.57	1.50	1.40	1.28	1.15	1.01	0.86	0.70	0.55	0.40	0.25	0.12	0.01	-0.10	-0.18	-0.24	-0.28	-0.31	-0.31	-0.30	-0.27	-0.23	-0.18	-0.12	-0.06	-0.00	0.06	0.11	0.16	0.20	0.23	0.24	0.25	0.24	0.22	0.19	0.15	0.10	0.04	-0.01	-0.07	-0.13	-0.18	-0.23	-0.27	-0.30	-0.32	-0.34	-0.34	-0.33	
