P09411_1-52	1.37	1.35	1.31	1.24	1.16	1.07	0.96	0.84	0.71	0.58	0.45	0.32	0.20	0.09	-0.01	-0.10	-0.18	-0.24	-0.28	-0.30	-0.31	-0.31	-0.29	-0.26	-0.23	-0.18	-0.13	-0.08	-0.03	0.02	0.06	0.10	0.13	0.15	0.16	0.16	0.16	0.14	0.12	0.09	0.06	0.02	-0.02	-0.06	-0.09	-0.13	-0.16	-0.18	-0.20	-0.21	-0.22	-0.21	
P09411_1-52	1.23	1.21	1.17	1.12	1.05	0.96	0.87	0.76	0.65	0.54	0.43	0.31	0.21	0.11	0.02	-0.06	-0.12	-0.18	-0.21	-0.24	-0.25	-0.25	-0.23	-0.21	-0.18	-0.14	-0.10	-0.06	-0.02	0.02	0.06	0.09	0.11	0.13	0.13	0.13	0.13	0.11	0.09	0.07	0.03	0.00	-0.03	-0.07	-0.10	-0.13	-0.16	-0.18	-0.20	-0.21	-0.21	-0.20	
P09411_1-52	1.13	1.11	1.07	1.02	0.96	0.88	0.79	0.69	0.58	0.48	0.37	0.26	0.16	0.07	-0.02	-0.09	-0.15	-0.20	-0.24	-0.26	-0.27	-0.27	-0.26	-0.24	-0.21	-0.17	-0.14	-0.10	-0.06	-0.03	0.00	0.03	0.05	0.06	0.07	0.07	0.06	0.05	0.03	0.00	-0.02	-0.05	-0.08	-0.11	-0.13	-0.15	-0.17	-0.18	-0.19	-0.19	-0.18	-0.17	
P09411_1-52	1.34	1.32	1.28	1.21	1.13	1.04	0.93	0.81	0.68	0.55	0.42	0.29	0.17	0.05	-0.05	-0.14	-0.21	-0.27	-0.32	-0.35	-0.36	-0.35	-0.34	-0.31	-0.28	-0.23	-0.19	-0.14	-0.09	-0.04	0.00	0.04	0.07	0.09	0.11	0.11	0.11	0.10	0.08	0.06	0.03	0.00	-0.03	-0.06	-0.09	-0.12	-0.14	-0.16	-0.17	-0.17	-0.17	-0.16	
P09411_1-52	1.12	1.11	1.07	1.02	0.96	0.89	0.80	0.71	0.61	0.51	0.41	0.30	0.20	0.11	0.03	-0.05	-0.12	-0.17	-0.21	-0.24	-0.26	-0.26	-0.26	-0.24	-0.22	-0.19	-0.15	-0.11	-0.07	-0.03	0.01	0.04	0.08	0.10	0.13	0.14	0.15	0.15	0.15	0.14	0.13	0.11	0.09	0.07	0.04	0.02	-0.00	-0.02	-0.04	-0.06	-0.07	-0.08	
P09411_1-52	1.16	1.14	1.11	1.06	1.00	0.92	0.83	0.74	0.64	0.53	0.42	0.32	0.21	0.12	0.03	-0.06	-0.13	-0.18	-0.23	-0.26	-0.29	-0.29	-0.29	-0.28	-0.26	-0.23	-0.19	-0.15	-0.11	-0.06	-0.02	0.02	0.06	0.09	0.12	0.15	0.16	0.17	0.18	0.17	0.17	0.16	0.14	0.12	0.10	0.08	0.06	0.04	0.02	-0.00	-0.02	-0.03	
P09411_1-52	1.14	1.12	1.09	1.05	0.99	0.92	0.84	0.75	0.65	0.55	0.44	0.34	0.24	0.14	0.05	-0.03	-0.11	-0.17	-0.23	-0.27	-0.30	-0.31	-0.32	-0.32	-0.30	-0.28	-0.25	-0.22	-0.18	-0.14	-0.09	-0.05	-0.01	0.03	0.06	0.09	0.11	0.13	0.14	0.14	0.14	0.13	0.12	0.10	0.08	0.06	0.03	0.00	-0.03	-0.05	-0.08	-0.10	
P09411_1-52	0.67	0.67	0.65	0.63	0.60	0.56	0.52	0.48	0.43	0.38	0.33	0.28	0.23	0.18	0.13	0.09	0.05	0.01	-0.02	-0.05	-0.07	-0.08	-0.09	-0.10	-0.11	-0.11	-0.10	-0.10	-0.09	-0.09	-0.08	-0.07	-0.07	-0.07	-0.06	-0.07	-0.07	-0.07	-0.08	-0.09	-0.10	-0.11	-0.12	-0.14	-0.15	-0.17	-0.18	-0.19	-0.20	-0.21	-0.22	-0.22	
P09411_1-52	1.24	1.22	1.18	1.12	1.04	0.95	0.84	0.73	0.61	0.49	0.36	0.25	0.14	0.04	-0.05	-0.13	-0.19	-0.23	-0.26	-0.27	-0.26	-0.25	-0.22	-0.18	-0.14	-0.09	-0.04	0.01	0.06	0.10	0.14	0.16	0.18	0.19	0.18	0.17	0.15	0.12	0.08	0.04	-0.00	-0.05	-0.09	-0.13	-0.17	-0.20	-0.22	-0.24	-0.24	-0.24	-0.22	-0.20	
P09411_1-52	1.53	1.51	1.47	1.40	1.31	1.21	1.09	0.96	0.82	0.67	0.53	0.38	0.24	0.10	-0.02	-0.13	-0.23	-0.32	-0.38	-0.43	-0.46	-0.47	-0.47	-0.45	-0.42	-0.38	-0.33	-0.27	-0.21	-0.14	-0.08	-0.02	0.04	0.09	0.13	0.16	0.19	0.20	0.21	0.21	0.19	0.17	0.15	0.12	0.08	0.04	0.00	-0.03	-0.07	-0.10	-0.13	-0.16	
P09411_17-68	1.30	1.29	1.25	1.19	1.12	1.04	0.94	0.83	0.72	0.60	0.48	0.36	0.25	0.14	0.04	-0.05	-0.12	-0.19	-0.24	-0.27	-0.29	-0.30	-0.30	-0.28	-0.26	-0.22	-0.19	-0.14	-0.09	-0.05	-0.00	0.04	0.08	0.11	0.14	0.15	0.16	0.17	0.17	0.16	0.14	0.12	0.10	0.07	0.04	0.02	-0.01	-0.03	-0.05	-0.07	-0.08	-0.08	
P09411_17-68	1.15	1.14	1.10	1.05	0.99	0.92	0.83	0.73	0.63	0.53	0.42	0.32	0.22	0.12	0.03	-0.05	-0.11	-0.17	-0.21	-0.25	-0.26	-0.27	-0.26	-0.25	-0.22	-0.19	-0.16	-0.11	-0.07	-0.03	0.02	0.06	0.09	0.12	0.15	0.16	0.17	0.18	0.17	0.17	0.15	0.13	0.11	0.08	0.06	0.03	0.01	-0.02	-0.04	-0.05	-0.07	-0.07	
P09411_17-68	1.10	1.08	1.05	1.01	0.95	0.88	0.80	0.71	0.62	0.52	0.42	0.32	0.23	0.14	0.06	-0.01	-0.08	-0.13	-0.17	-0.19	-0.21	-0.21	-0.20	-0.19	-0.16	-0.13	-0.10	-0.06	-0.02	0.03	0.06	0.10	0.13	0.16	0.18	0.19	0.20	0.20	0.20	0.18	0.17	0.14	0.12	0.09	0.06	0.03	0.01	-0.02	-0.04	-0.06	-0.07	-0.08	
P09411_17-68	1.31	1.29	1.25	1.20	1.13	1.05	0.95	0.85	0.74	0.62	0.50	0.39	0.27	0.17	0.07	-0.02	-0.09	-0.15	-0.20	-0.23	-0.25	-0.26	-0.26	-0.24	-0.22	-0.18	-0.15	-0.10	-0.06	-0.01	0.03	0.07	0.10	0.13	0.15	0.16	0.17	0.17	0.16	0.14	0.12	0.10	0.07	0.04	0.01	-0.02	-0.05	-0.07	-0.09	-0.11	-0.12	-0.13	
P09411_17-68	1.15	1.13	1.09	1.04	0.97	0.88	0.79	0.68	0.57	0.46	0.34	0.23	0.12	0.02	-0.07	-0.15	-0.21	-0.26	-0.30	-0.32	-0.33	-0.33	-0.31	-0.29	-0.26	-0.22	-0.17	-0.13	-0.09	-0.04	-0.01	0.03	0.05	0.07	0.08	0.09	0.09	0.08	0.06	0.04	0.01	-0.02	-0.05	-0.08	-0.10	-0.13	-0.15	-0.17	-0.18	-0.19	-0.20	-0.19	
P09411_17-68	1.22	1.20	1.16	1.10	1.02	0.94	0.83	0.72	0.61	0.49	0.36	0.25	0.13	0.03	-0.06	-0.14	-0.21	-0.26	-0.30	-0.33	-0.34	-0.33	-0.32	-0.29	-0.26	-0.22	-0.17	-0.13	-0.09	-0.05	-0.01	0.02	0.05	0.06	0.07	0.07	0.07	0.05	0.03	0.01	-0.02	-0.05	-0.09	-0.12	-0.15	-0.17	-0.20	-0.21	-0.23	-0.23	-0.24	-0.23	
P09411_17-68	1.14	1.12	1.09	1.04	0.98	0.91	0.82	0.73	0.63	0.53	0.43	0.33	0.23	0.14	0.06	-0.02	-0.08	-0.14	-0.18	-0.21	-0.23	-0.24	-0.24	-0.23	-0.21	-0.19	-0.16	-0.14	-0.11	-0.08	-0.05	-0.02	-0.00	0.01	0.02	0.03	0.02	0.02	0.01	-0.01	-0.03	-0.05	-0.07	-0.09	-0.11	-0.13	-0.15	-0.16	-0.17	-0.18	-0.18	-0.17	
P09411_17-68	0.61	0.60	0.59	0.56	0.53	0.49	0.44	0.39	0.34	0.28	0.23	0.18	0.13	0.08	0.04	0.00	-0.03	-0.05	-0.07	-0.08	-0.08	-0.08	-0.07	-0.05	-0.04	-0.02	0.00	0.03	0.05	0.07	0.09	0.10	0.12	0.13	0.13	0.14	0.13	0.13	0.12	0.11	0.10	0.08	0.07	0.05	0.04	0.03	0.02	0.01	0.00	-0.00	-0.00	0.00	
P09411_17-68	1.23	1.21	1.17	1.11	1.04	0.95	0.85	0.74	0.62	0.50	0.38	0.26	0.14	0.03	-0.06	-0.15	-0.22	-0.28	-0.32	-0.35	-0.36	-0.35	-0.34	-0.31	-0.27	-0.22	-0.17	-0.11	-0.06	0.00	0.06	0.11	0.15	0.19	0.22	0.24	0.26	0.26	0.26	0.24	0.22	0.20	0.17	0.14	0.10	0.07	0.04	0.01	-0.02	-0.04	-0.06	-0.07	
P09411_17-68	1.61	1.59	1.54	1.47	1.38	1.27	1.15	1.01	0.87	0.72	0.57	0.42	0.28	0.14	0.02	-0.09	-0.18	-0.26	-0.32	-0.36	-0.38	-0.39	-0.38	-0.36	-0.33	-0.29	-0.25	-0.20	-0.15	-0.10	-0.05	-0.01	0.02	0.05	0.07	0.07	0.07	0.07	0.05	0.03	0.00	-0.03	-0.06	-0.09	-0.13	-0.16	-0.18	-0.20	-0.22	-0.23	-0.23	-0.22	
P09411_26-77	1.20	1.19	1.15	1.10	1.04	0.96	0.87	0.78	0.67	0.57	0.46	0.35	0.25	0.15	0.05	-0.03	-0.10	-0.16	-0.21	-0.25	-0.28	-0.29	-0.29	-0.29	-0.27	-0.25	-0.22	-0.19	-0.16	-0.13	-0.09	-0.06	-0.04	-0.01	0.01	0.02	0.03	0.03	0.03	0.02	0.01	-0.00	-0.02	-0.03	-0.05	-0.07	-0.08	-0.09	-0.11	-0.11	-0.12	-0.12	
P09411_26-77	1.07	1.05	1.02	0.98	0.92	0.85	0.77	0.68	0.59	0.49	0.39	0.29	0.20	0.11	0.02	-0.05	-0.12	-0.17	-0.22	-0.25	-0.27	-0.29	-0.29	-0.28	-0.27	-0.24	-0.22	-0.19	-0.15	-0.12	-0.09	-0.06	-0.03	-0.01	0.01	0.03	0.04	0.04	0.04	0.04	0.03	0.02	0.00	-0.01	-0.03	-0.05	-0.06	-0.07	-0.09	-0.09	-0.10	-0.10	
P09411_26-77	1.01	0.99	0.96	0.92	0.86	0.79	0.72	0.63	0.54	0.45	0.35	0.26	0.17	0.08	0.01	-0.06	-0.12	-0.17	-0.21	-0.24	-0.26	-0.27	-0.26	-0.25	-0.24	-0.21	-0.18	-0.15	-0.12	-0.09	-0.05	-0.02	0.00	0.03	0.04	0.06	0.06	0.07	0.07	0.06	0.05	0.04	0.03	0.01	-0.00	-0.02	-0.03	-0.04	-0.05	-0.06	-0.07	-0.07	
P09411_26-77	1.24	1.22	1.18	1.13	1.06	0.98	0.89	0.78	0.67	0.56	0.45	0.34	0.23	0.13	0.04	-0.04	-0.11	-0.17	-0.21	-0.25	-0.26	-0.27	-0.26	-0.25	-0.23	-0.20	-0.16	-0.13	-0.09	-0.05	-0.02	0.01	0.04	0.06	0.08	0.09	0.09	0.09	0.08	0.06	0.05	0.03	0.01	-0.01	-0.03	-0.05	-0.07	-0.08	-0.09	-0.10	-0.10	-0.10	
P09411_26-77	1.24	1.22	1.18	1.13	1.05	0.97	0.87	0.76	0.64	0.52	0.40	0.29	0.18	0.07	-0.02	-0.10	-0.17	-0.22	-0.26	-0.29	-0.30	-0.29	-0.27	-0.25	-0.21	-0.17	-0.12	-0.07	-0.02	0.03	0.08	0.12	0.15	0.18	0.19	0.20	0.20	0.19	0.18	0.15	0.13	0.10	0.06	0.03	-0.01	-0.04	-0.07	-0.10	-0.11	-0.13	-0.14	-0.14	
P09411_26-77	1.36	1.34	1.29	1.23	1.15	1.05	0.93	0.81	0.68	0.55	0.42	0.29	0.17	0.05	-0.05	-0.13	-0.20	-0.26	-0.29	-0.31	-0.31	-0.30	-0.27	-0.23	-0.18	-0.13	-0.07	-0.01	0.05	0.10	0.15	0.19	0.23	0.25	0.26	0.27	0.26	0.24	0.21	0.18	0.14	0.10	0.05	0.01	-0.03	-0.07	-0.11	-0.13	-0.15	-0.17	-0.17	-0.17	
P09411_26-77	1.16	1.14	1.11	1.06	1.00	0.92	0.84	0.74	0.64	0.54	0.44	0.33	0.24	0.15	0.06	-0.01	-0.07	-0.12	-0.15	-0.18	-0.19	-0.19	-0.18	-0.16	-0.13	-0.10	-0.06	-0.02	0.01	0.05	0.08	0.11	0.14	0.15	0.16	0.16	0.16	0.15	0.13	0.11	0.08	0.05	0.02	-0.02	-0.05	-0.08	-0.10	-0.13	-0.14	-0.16	-0.16	-0.17	
P09411_26-77	0.58	0.57	0.55	0.52	0.48	0.43	0.38	0.32	0.26	0.20	0.13	0.07	0.01	-0.04	-0.08	-0.12	-0.16	-0.18	-0.20	-0.20	-0.20	-0.19	-0.18	-0.16	-0.13	-0.11	-0.08	-0.05	-0.02	0.01	0.03	0.05	0.07	0.08	0.09	0.09	0.08	0.07	0.06	0.04	0.02	0.00	-0.02	-0.04	-0.06	-0.08	-0.10	-0.11	-0.12	-0.13	-0.13	-0.12	
P09411_26-77	1.17	1.16	1.12	1.07	1.00	0.92	0.83	0.73	0.62	0.50	0.39	0.27	0.16	0.06	-0.04	-0.13	-0.20	-0.27	-0.32	-0.36	-0.38	-0.40	-0.40	-0.39	-0.37	-0.34	-0.30	-0.26	-0.22	-0.18	-0.13	-0.09	-0.05	-0.02	0.01	0.04	0.06	0.07	0.07	0.07	0.07	0.06	0.05	0.03	0.02	0.00	-0.01	-0.03	-0.04	-0.05	-0.06	-0.07	
P09411_26-77	1.62	1.60	1.55	1.48	1.40	1.30	1.18	1.05	0.91	0.77	0.62	0.48	0.34	0.21	0.10	-0.01	-0.10	-0.18	-0.23	-0.27	-0.30	-0.31	-0.30	-0.28	-0.25	-0.21	-0.16	-0.11	-0.06	-0.01	0.04	0.09	0.12	0.16	0.18	0.19	0.19	0.19	0.17	0.15	0.12	0.09	0.05	0.01	-0.03	-0.07	-0.11	-0.14	-0.17	-0.19	-0.21	-0.22	
P09411_42-93	1.31	1.29	1.25	1.19	1.11	1.01	0.91	0.79	0.66	0.54	0.41	0.28	0.17	0.06	-0.04	-0.12	-0.19	-0.25	-0.28	-0.30	-0.30	-0.29	-0.27	-0.23	-0.18	-0.13	-0.07	-0.01	0.05	0.10	0.16	0.20	0.23	0.26	0.27	0.28	0.27	0.25	0.22	0.19	0.14	0.10	0.04	-0.01	-0.06	-0.11	-0.16	-0.20	-0.23	-0.25	-0.27	-0.28	
P09411_42-93	1.23	1.21	1.17	1.11	1.03	0.94	0.84	0.73	0.61	0.49	0.37	0.25	0.14	0.03	-0.06	-0.14	-0.20	-0.25	-0.28	-0.30	-0.30	-0.29	-0.26	-0.23	-0.18	-0.13	-0.07	-0.02	0.04	0.10	0.14	0.19	0.22	0.24	0.26	0.26	0.25	0.23	0.21	0.17	0.13	0.09	0.04	-0.01	-0.06	-0.10	-0.15	-0.18	-0.21	-0.24	-0.25	-0.26	
P09411_42-93	0.95	0.94	0.91	0.88	0.83	0.77	0.70	0.63	0.55	0.47	0.39	0.31	0.23	0.15	0.09	0.02	-0.03	-0.07	-0.11	-0.13	-0.15	-0.16	-0.16	-0.15	-0.13	-0.11	-0.09	-0.07	-0.04	-0.01	0.01	0.03	0.05	0.06	0.07	0.08	0.08	0.07	0.06	0.05	0.03	0.01	-0.01	-0.04	-0.06	-0.08	-0.10	-0.12	-0.13	-0.14	-0.15	-0.15	
P09411_42-93	1.11	1.09	1.06	1.02	0.96	0.89	0.81	0.73	0.64	0.54	0.45	0.35	0.26	0.17	0.10	0.02	-0.04	-0.09	-0.13	-0.16	-0.18	-0.19	-0.18	-0.17	-0.16	-0.13	-0.11	-0.08	-0.05	-0.02	0.01	0.04	0.06	0.08	0.09	0.10	0.10	0.09	0.08	0.06	0.04	0.02	-0.00	-0.03	-0.06	-0.08	-0.10	-0.12	-0.14	-0.15	-0.16	-0.16	
P09411_42-93	1.25	1.23	1.19	1.13	1.06	0.97	0.86	0.75	0.63	0.51	0.39	0.26	0.15	0.04	-0.05	-0.14	-0.21	-0.27	-0.31	-0.33	-0.35	-0.34	-0.33	-0.31	-0.27	-0.23	-0.19	-0.14	-0.09	-0.05	-0.01	0.03	0.06	0.08	0.10	0.11	0.11	0.10	0.09	0.07	0.05	0.02	-0.00	-0.03	-0.06	-0.08	-0.10	-0.11	-0.12	-0.13	-0.12	-0.12	
P09411_42-93	1.29	1.27	1.22	1.17	1.09	1.00	0.90	0.78	0.66	0.54	0.41	0.29	0.17	0.06	-0.04	-0.12	-0.20	-0.26	-0.31	-0.34	-0.36	-0.36	-0.35	-0.33	-0.31	-0.27	-0.23	-0.19	-0.15	-0.11	-0.07	-0.04	-0.01	0.02	0.03	0.05	0.05	0.05	0.05	0.04	0.02	0.01	-0.00	-0.02	-0.03	-0.04	-0.05	-0.05	-0.05	-0.05	-0.04	-0.03	
P09411_42-93	1.12	1.11	1.07	1.01	0.94	0.85	0.75	0.65	0.53	0.42	0.30	0.19	0.08	-0.01	-0.10	-0.17	-0.24	-0.28	-0.31	-0.33	-0.33	-0.32	-0.30	-0.27	-0.23	-0.18	-0.14	-0.09	-0.04	0.00	0.04	0.08	0.10	0.12	0.13	0.13	0.13	0.12	0.10	0.07	0.05	0.02	-0.01	-0.04	-0.07	-0.09	-0.11	-0.12	-0.13	-0.13	-0.13	-0.12	
P09411_42-93	0.71	0.69	0.66	0.62	0.57	0.51	0.44	0.36	0.28	0.20	0.12	0.04	-0.03	-0.10	-0.15	-0.20	-0.24	-0.26	-0.28	-0.28	-0.27	-0.26	-0.23	-0.20	-0.17	-0.13	-0.09	-0.05	-0.02	0.02	0.04	0.07	0.08	0.09	0.09	0.09	0.08	0.06	0.04	0.02	-0.00	-0.03	-0.05	-0.07	-0.09	-0.11	-0.12	-0.12	-0.12	-0.12	-0.11	-0.09	
P09411_42-93	1.28	1.27	1.23	1.18	1.11	1.03	0.94	0.84	0.73	0.62	0.51	0.40	0.29	0.19	0.10	0.02	-0.06	-0.11	-0.16	-0.19	-0.21	-0.22	-0.21	-0.19	-0.17	-0.14	-0.10	-0.06	-0.02	0.02	0.06	0.09	0.12	0.14	0.16	0.16	0.16	0.16	0.14	0.12	0.09	0.06	0.03	-0.00	-0.04	-0.07	-0.11	-0.14	-0.16	-0.18	-0.19	-0.20	
P09411_42-93	1.54	1.51	1.47	1.40	1.31	1.20	1.08	0.95	0.80	0.66	0.51	0.37	0.23	0.11	-0.01	-0.11	-0.20	-0.26	-0.31	-0.35	-0.36	-0.36	-0.35	-0.32	-0.28	-0.24	-0.18	-0.13	-0.08	-0.03	0.02	0.06	0.10	0.12	0.14	0.15	0.14	0.13	0.12	0.09	0.06	0.03	-0.00	-0.04	-0.07	-0.10	-0.12	-0.14	-0.16	-0.16	-0.16	-0.16	
P09411_51-102	1.28	1.26	1.22	1.16	1.09	1.00	0.89	0.78	0.66	0.53	0.40	0.28	0.16	0.04	-0.06	-0.15	-0.23	-0.29	-0.34	-0.37	-0.39	-0.39	-0.38	-0.35	-0.31	-0.27	-0.21	-0.15	-0.09	-0.03	0.03	0.08	0.14	0.18	0.22	0.24	0.26	0.27	0.27	0.26	0.25	0.23	0.20	0.17	0.13	0.10	0.06	0.03	-0.00	-0.03	-0.06	-0.08	
P09411_51-102	1.20	1.18	1.14	1.09	1.02	0.93	0.84	0.73	0.62	0.50	0.38	0.27	0.15	0.05	-0.05	-0.14	-0.21	-0.27	-0.32	-0.35	-0.37	-0.37	-0.36	-0.33	-0.30	-0.26	-0.21	-0.16	-0.10	-0.04	0.01	0.07	0.12	0.16	0.19	0.22	0.24	0.25	0.25	0.25	0.24	0.22	0.19	0.17	0.13	0.10	0.07	0.04	0.00	-0.02	-0.05	-0.07	
P09411_51-102	1.00	0.98	0.95	0.90	0.84	0.77	0.68	0.60	0.50	0.40	0.31	0.21	0.12	0.04	-0.04	-0.10	-0.15	-0.19	-0.22	-0.23	-0.23	-0.22	-0.20	-0.18	-0.14	-0.10	-0.06	-0.01	0.03	0.07	0.11	0.14	0.17	0.18	0.19	0.20	0.19	0.18	0.16	0.13	0.10	0.06	0.03	-0.01	-0.04	-0.08	-0.11	-0.13	-0.15	-0.17	-0.18	-0.18	
P09411_51-102	1.15	1.14	1.10	1.04	0.97	0.89	0.80	0.69	0.58	0.47	0.36	0.25	0.14	0.05	-0.04	-0.11	-0.17	-0.22	-0.25	-0.27	-0.27	-0.26	-0.24	-0.20	-0.16	-0.12	-0.07	-0.02	0.03	0.08	0.12	0.16	0.19	0.21	0.22	0.22	0.21	0.20	0.17	0.14	0.11	0.07	0.03	-0.01	-0.05	-0.09	-0.12	-0.15	-0.17	-0.19	-0.20	-0.20	
P09411_51-102	1.27	1.25	1.21	1.15	1.08	0.99	0.89	0.78	0.67	0.55	0.43	0.31	0.20	0.10	0.00	-0.08	-0.15	-0.20	-0.24	-0.27	-0.28	-0.28	-0.27	-0.25	-0.22	-0.18	-0.14	-0.10	-0.06	-0.02	0.02	0.05	0.07	0.09	0.10	0.10	0.10	0.09	0.07	0.05	0.03	0.00	-0.03	-0.05	-0.08	-0.10	-0.12	-0.13	-0.14	-0.14	-0.14	-0.13	
P09411_51-102	1.28	1.26	1.22	1.17	1.10	1.01	0.92	0.81	0.70	0.59	0.47	0.36	0.25	0.15	0.06	-0.02	-0.09	-0.14	-0.18	-0.21	-0.23	-0.23	-0.23	-0.21	-0.19	-0.16	-0.13	-0.10	-0.07	-0.04	-0.02	0.00	0.02	0.03	0.03	0.03	0.02	0.00	-0.02	-0.04	-0.07	-0.09	-0.12	-0.14	-0.16	-0.18	-0.19	-0.19	-0.19	-0.18	-0.17	-0.15	
P09411_51-102	1.09	1.07	1.04	0.99	0.94	0.86	0.78	0.69	0.60	0.50	0.40	0.30	0.20	0.12	0.03	-0.04	-0.10	-0.15	-0.19	-0.22	-0.24	-0.24	-0.24	-0.23	-0.21	-0.18	-0.15	-0.12	-0.08	-0.05	-0.01	0.02	0.04	0.06	0.08	0.09	0.09	0.09	0.09	0.08	0.06	0.05	0.03	0.01	-0.00	-0.02	-0.04	-0.05	-0.06	-0.06	-0.06	-0.06	
P09411_51-102	0.69	0.67	0.65	0.62	0.58	0.53	0.48	0.42	0.36	0.29	0.22	0.16	0.09	0.03	-0.03	-0.07	-0.12	-0.15	-0.18	-0.20	-0.21	-0.21	-0.21	-0.20	-0.18	-0.16	-0.14	-0.11	-0.08	-0.06	-0.03	-0.00	0.02	0.04	0.05	0.06	0.07	0.07	0.07	0.06	0.05	0.03	0.02	0.00	-0.02	-0.03	-0.05	-0.06	-0.08	-0.09	-0.09	-0.10	
P09411_51-102	1.32	1.30	1.26	1.19	1.11	1.02	0.91	0.79	0.66	0.53	0.40	0.27	0.15	0.04	-0.06	-0.15	-0.22	-0.27	-0.31	-0.33	-0.34	-0.33	-0.30	-0.27	-0.22	-0.17	-0.11	-0.05	0.01	0.06	0.11	0.16	0.20	0.22	0.24	0.25	0.25	0.23	0.21	0.18	0.15	0.11	0.07	0.02	-0.02	-0.06	-0.10	-0.13	-0.15	-0.17	-0.19	-0.19	
P09411_51-102	1.48	1.46	1.42	1.35	1.27	1.17	1.06	0.94	0.81	0.68	0.54	0.41	0.28	0.17	0.06	-0.04	-0.12	-0.18	-0.23	-0.26	-0.28	-0.29	-0.28	-0.26	-0.23	-0.19	-0.15	-0.10	-0.06	-0.02	0.02	0.05	0.08	0.10	0.11	0.12	0.11	0.10	0.09	0.07	0.04	0.02	-0.01	-0.04	-0.06	-0.09	-0.10	-0.12	-0.12	-0.13	-0.12	-0.12	
P09411_67-118	1.34	1.32	1.28	1.22	1.14	1.04	0.93	0.81	0.69	0.55	0.42	0.29	0.16	0.04	-0.06	-0.16	-0.24	-0.31	-0.36	-0.40	-0.42	-0.42	-0.42	-0.40	-0.37	-0.33	-0.29	-0.24	-0.19	-0.14	-0.10	-0.06	-0.03	0.00	0.02	0.03	0.03	0.03	0.01	-0.00	-0.03	-0.06	-0.09	-0.12	-0.15	-0.18	-0.21	-0.24	-0.25	-0.27	-0.27	-0.27	
P09411_67-118	1.25	1.23	1.19	1.13	1.06	0.97	0.87	0.76	0.65	0.53	0.41	0.29	0.17	0.07	-0.03	-0.12	-0.19	-0.26	-0.30	-0.34	-0.36	-0.36	-0.36	-0.34	-0.32	-0.29	-0.25	-0.21	-0.17	-0.13	-0.09	-0.06	-0.03	-0.01	0.00	0.01	0.01	0.00	-0.01	-0.03	-0.05	-0.08	-0.10	-0.13	-0.16	-0.18	-0.20	-0.22	-0.23	-0.24	-0.24	-0.23	
P09411_67-118	0.96	0.94	0.91	0.86	0.80	0.73	0.65	0.55	0.46	0.36	0.26	0.16	0.07	-0.01	-0.09	-0.15	-0.20	-0.24	-0.27	-0.29	-0.30	-0.29	-0.28	-0.25	-0.23	-0.19	-0.16	-0.12	-0.09	-0.05	-0.03	-0.00	0.02	0.03	0.03	0.04	0.03	0.02	0.01	-0.01	-0.03	-0.04	-0.06	-0.08	-0.09	-0.10	-0.10	-0.10	-0.10	-0.09	-0.08	-0.06	
P09411_67-118	1.14	1.12	1.08	1.02	0.95	0.86	0.76	0.65	0.54	0.42	0.31	0.19	0.09	-0.01	-0.10	-0.18	-0.24	-0.29	-0.32	-0.34	-0.35	-0.34	-0.32	-0.29	-0.26	-0.22	-0.17	-0.13	-0.08	-0.04	-0.01	0.02	0.05	0.06	0.07	0.07	0.07	0.06	0.04	0.02	-0.00	-0.03	-0.05	-0.07	-0.09	-0.11	-0.12	-0.12	-0.12	-0.12	-0.10	-0.09	
P09411_67-118	1.22	1.21	1.17	1.12	1.06	0.98	0.89	0.79	0.69	0.58	0.47	0.36	0.25	0.15	0.06	-0.03	-0.10	-0.16	-0.20	-0.24	-0.26	-0.26	-0.26	-0.24	-0.22	-0.19	-0.15	-0.10	-0.06	-0.01	0.03	0.07	0.11	0.14	0.17	0.19	0.20	0.20	0.20	0.19	0.17	0.15	0.12	0.09	0.06	0.03	-0.00	-0.03	-0.06	-0.08	-0.10	-0.12	
P09411_67-118	1.22	1.20	1.17	1.12	1.06	0.98	0.89	0.80	0.70	0.59	0.49	0.38	0.28	0.18	0.10	0.02	-0.05	-0.10	-0.15	-0.17	-0.19	-0.19	-0.19	-0.17	-0.14	-0.11	-0.06	-0.02	0.03	0.07	0.12	0.16	0.20	0.23	0.25	0.27	0.28	0.28	0.28	0.27	0.25	0.22	0.20	0.16	0.13	0.10	0.06	0.03	0.00	-0.03	-0.05	-0.06	
P09411_67-118	1.09	1.08	1.05	1.00	0.94	0.87	0.79	0.70	0.61	0.51	0.41	0.31	0.21	0.12	0.04	-0.03	-0.10	-0.15	-0.19	-0.22	-0.24	-0.24	-0.24	-0.22	-0.20	-0.17	-0.13	-0.09	-0.05	-0.01	0.03	0.07	0.10	0.13	0.15	0.17	0.18	0.18	0.17	0.16	0.15	0.12	0.10	0.07	0.04	0.01	-0.03	-0.06	-0.08	-0.11	-0.13	-0.14	
P09411_67-118	0.61	0.60	0.59	0.57	0.55	0.52	0.48	0.44	0.40	0.35	0.31	0.26	0.21	0.16	0.11	0.07	0.03	-0.01	-0.05	-0.08	-0.11	-0.13	-0.14	-0.16	-0.16	-0.17	-0.17	-0.16	-0.15	-0.14	-0.13	-0.11	-0.09	-0.07	-0.05	-0.03	-0.01	0.00	0.02	0.03	0.04	0.05	0.06	0.07	0.07	0.07	0.07	0.06	0.06	0.05	0.04	0.03	
P09411_67-118	1.35	1.33	1.28	1.21	1.13	1.03	0.91	0.78	0.65	0.51	0.37	0.24	0.11	-0.01	-0.11	-0.20	-0.28	-0.33	-0.37	-0.40	-0.40	-0.40	-0.37	-0.34	-0.30	-0.25	-0.20	-0.14	-0.09	-0.04	0.00	0.04	0.07	0.09	0.10	0.10	0.09	0.07	0.05	0.02	-0.01	-0.04	-0.07	-0.10	-0.13	-0.15	-0.17	-0.18	-0.19	-0.18	-0.17	-0.16	
P09411_67-118	1.53	1.50	1.46	1.38	1.29	1.18	1.06	0.92	0.78	0.63	0.48	0.33	0.19	0.06	-0.06	-0.17	-0.25	-0.32	-0.37	-0.40	-0.41	-0.40	-0.37	-0.33	-0.28	-0.22	-0.15	-0.08	-0.01	0.06	0.13	0.19	0.24	0.28	0.31	0.32	0.33	0.32	0.30	0.27	0.23	0.18	0.13	0.08	0.02	-0.04	-0.10	-0.15	-0.19	-0.23	-0.26	-0.28	
P09411_76-127	1.48	1.46	1.42	1.35	1.26	1.16	1.05	0.92	0.78	0.64	0.50	0.37	0.24	0.12	0.01	-0.09	-0.17	-0.24	-0.28	-0.31	-0.32	-0.32	-0.31	-0.28	-0.24	-0.19	-0.14	-0.08	-0.03	0.03	0.08	0.12	0.15	0.18	0.20	0.20	0.20	0.19	0.17	0.14	0.11	0.07	0.03	-0.01	-0.05	-0.09	-0.12	-0.15	-0.17	-0.19	-0.20	-0.20	
P09411_76-127	1.35	1.33	1.29	1.23	1.15	1.06	0.96	0.84	0.72	0.60	0.47	0.35	0.23	0.12	0.02	-0.06	-0.14	-0.19	-0.23	-0.26	-0.27	-0.27	-0.25	-0.23	-0.19	-0.15	-0.11	-0.06	-0.01	0.04	0.08	0.12	0.14	0.17	0.18	0.18	0.18	0.16	0.14	0.11	0.08	0.05	0.01	-0.03	-0.07	-0.10	-0.13	-0.16	-0.18	-0.19	-0.20	-0.20	
P09411_76-127	1.06	1.04	1.01	0.96	0.89	0.81	0.72	0.62	0.51	0.40	0.30	0.19	0.10	0.01	-0.07	-0.13	-0.19	-0.23	-0.25	-0.26	-0.26	-0.25	-0.22	-0.19	-0.15	-0.11	-0.06	-0.02	0.02	0.06	0.09	0.12	0.13	0.14	0.14	0.13	0.11	0.09	0.06	0.02	-0.02	-0.05	-0.09	-0.13	-0.16	-0.19	-0.21	-0.23	-0.24	-0.24	-0.23	-0.21	
P09411_76-127	1.24	1.22	1.18	1.12	1.04	0.95	0.84	0.72	0.60	0.47	0.35	0.23	0.11	0.01	-0.09	-0.17	-0.23	-0.28	-0.31	-0.33	-0.33	-0.31	-0.28	-0.25	-0.20	-0.15	-0.10	-0.05	0.00	0.05	0.09	0.13	0.15	0.16	0.17	0.16	0.15	0.12	0.09	0.06	0.02	-0.03	-0.07	-0.11	-0.15	-0.19	-0.21	-0.23	-0.25	-0.25	-0.25	-0.24	
P09411_76-127	1.14	1.12	1.09	1.04	0.98	0.91	0.83	0.74	0.64	0.54	0.43	0.33	0.23	0.14	0.05	-0.03	-0.10	-0.16	-0.21	-0.25	-0.27	-0.29	-0.29	-0.28	-0.27	-0.25	-0.22	-0.19	-0.15	-0.11	-0.08	-0.04	-0.01	0.02	0.05	0.07	0.08	0.09	0.10	0.09	0.09	0.08	0.07	0.05	0.03	0.02	-0.00	-0.02	-0.03	-0.04	-0.06	-0.06	
P09411_76-127	1.04	1.02	0.99	0.95	0.90	0.83	0.76	0.68	0.59	0.49	0.40	0.31	0.21	0.13	0.04	-0.03	-0.10	-0.16	-0.21	-0.24	-0.27	-0.29	-0.29	-0.29	-0.28	-0.26	-0.24	-0.21	-0.18	-0.14	-0.11	-0.07	-0.04	-0.01	0.02	0.04	0.06	0.08	0.09	0.09	0.09	0.09	0.09	0.08	0.07	0.06	0.04	0.03	0.02	0.01	-0.00	-0.01	
P09411_76-127	1.03	1.01	0.98	0.94	0.88	0.81	0.74	0.65	0.56	0.47	0.37	0.28	0.18	0.10	0.02	-0.05	-0.12	-0.17	-0.21	-0.24	-0.26	-0.27	-0.27	-0.26	-0.24	-0.22	-0.19	-0.16	-0.12	-0.09	-0.05	-0.02	0.01	0.03	0.05	0.07	0.08	0.09	0.09	0.08	0.08	0.07	0.05	0.04	0.02	0.01	-0.00	-0.02	-0.03	-0.04	-0.04	-0.04	
P09411_76-127	0.60	0.59	0.57	0.55	0.52	0.48	0.43	0.39	0.34	0.28	0.23	0.18	0.13	0.09	0.05	0.01	-0.02	-0.05	-0.07	-0.08	-0.09	-0.09	-0.09	-0.08	-0.07	-0.06	-0.05	-0.04	-0.04	-0.03	-0.02	-0.02	-0.02	-0.03	-0.03	-0.04	-0.06	-0.07	-0.09	-0.10	-0.12	-0.14	-0.15	-0.16	-0.17	-0.17	-0.17	-0.17	-0.16	-0.15	-0.13	-0.11	
P09411_76-127	1.43	1.41	1.37	1.30	1.21	1.11	0.99	0.86	0.73	0.59	0.45	0.31	0.18	0.06	-0.04	-0.14	-0.21	-0.28	-0.32	-0.34	-0.35	-0.35	-0.33	-0.29	-0.25	-0.20	-0.15	-0.09	-0.03	0.02	0.07	0.11	0.15	0.17	0.19	0.19	0.19	0.17	0.15	0.12	0.08	0.04	-0.00	-0.05	-0.09	-0.13	-0.16	-0.19	-0.21	-0.23	-0.23	-0.23	
P09411_76-127	1.46	1.43	1.39	1.33	1.24	1.14	1.03	0.90	0.77	0.63	0.48	0.34	0.21	0.08	-0.04	-0.14	-0.24	-0.31	-0.37	-0.42	-0.45	-0.46	-0.45	-0.43	-0.40	-0.36	-0.32	-0.26	-0.20	-0.15	-0.09	-0.03	0.02	0.07	0.11	0.14	0.17	0.19	0.20	0.20	0.20	0.19	0.17	0.15	0.13	0.11	0.09	0.07	0.04	0.02	0.01	-0.01	
P09411_92-143	1.48	1.46	1.41	1.35	1.26	1.15	1.03	0.90	0.76	0.62	0.47	0.33	0.20	0.07	-0.04	-0.14	-0.23	-0.30	-0.35	-0.38	-0.40	-0.40	-0.38	-0.35	-0.32	-0.27	-0.22	-0.17	-0.11	-0.06	-0.01	0.04	0.08	0.11	0.13	0.14	0.15	0.15	0.14	0.12	0.10	0.07	0.05	0.02	-0.01	-0.03	-0.05	-0.07	-0.09	-0.09	-0.10	-0.10	
P09411_92-143	1.35	1.32	1.28	1.22	1.14	1.04	0.93	0.81	0.68	0.55	0.42	0.29	0.17	0.05	-0.05	-0.14	-0.22	-0.28	-0.33	-0.35	-0.37	-0.37	-0.35	-0.33	-0.29	-0.24	-0.20	-0.14	-0.09	-0.04	0.01	0.05	0.09	0.12	0.14	0.16	0.16	0.16	0.15	0.14	0.12	0.09	0.07	0.04	0.02	-0.01	-0.03	-0.05	-0.06	-0.07	-0.07	-0.08	
P09411_92-143	0.93	0.92	0.90	0.86	0.81	0.75	0.69	0.62	0.54	0.46	0.38	0.30	0.22	0.15	0.08	0.02	-0.04	-0.08	-0.12	-0.14	-0.16	-0.17	-0.18	-0.17	-0.16	-0.14	-0.12	-0.10	-0.07	-0.05	-0.02	0.00	0.02	0.04	0.06	0.07	0.08	0.09	0.09	0.09	0.09	0.09	0.08	0.08	0.07	0.07	0.06	0.06	0.06	0.06	0.06	0.06	
P09411_92-143	1.10	1.09	1.06	1.01	0.96	0.89	0.81	0.73	0.64	0.54	0.45	0.35	0.26	0.17	0.09	0.02	-0.04	-0.09	-0.13	-0.17	-0.19	-0.20	-0.20	-0.20	-0.18	-0.16	-0.14	-0.12	-0.09	-0.06	-0.04	-0.01	0.01	0.03	0.04	0.05	0.06	0.06	0.06	0.06	0.05	0.05	0.04	0.03	0.03	0.02	0.02	0.02	0.02	0.03	0.04	0.05	
P09411_92-143	1.27	1.25	1.21	1.15	1.07	0.97	0.87	0.75	0.62	0.49	0.36	0.24	0.12	0.01	-0.09	-0.18	-0.25	-0.30	-0.34	-0.36	-0.37	-0.35	-0.33	-0.29	-0.25	-0.19	-0.14	-0.08	-0.02	0.04	0.09	0.14	0.17	0.20	0.22	0.22	0.22	0.20	0.18	0.14	0.10	0.05	0.01	-0.05	-0.10	-0.15	-0.19	-0.23	-0.27	-0.29	-0.31	-0.32	
P09411_92-143	1.16	1.14	1.10	1.05	0.98	0.90	0.80	0.70	0.59	0.47	0.36	0.25	0.14	0.05	-0.04	-0.12	-0.18	-0.23	-0.26	-0.28	-0.28	-0.27	-0.25	-0.22	-0.18	-0.13	-0.08	-0.03	0.02	0.07	0.11	0.14	0.17	0.19	0.20	0.20	0.19	0.17	0.14	0.10	0.06	0.02	-0.03	-0.09	-0.14	-0.18	-0.23	-0.26	-0.29	-0.32	-0.33	-0.34	
P09411_92-143	1.25	1.23	1.18	1.12	1.04	0.94	0.83	0.71	0.58	0.45	0.31	0.18	0.06	-0.05	-0.15	-0.24	-0.30	-0.36	-0.39	-0.41	-0.41	-0.39	-0.36	-0.32	-0.27	-0.21	-0.15	-0.08	-0.01	0.05	0.11	0.16	0.20	0.23	0.25	0.26	0.26	0.25	0.22	0.19	0.15	0.10	0.05	-0.00	-0.06	-0.11	-0.16	-0.20	-0.24	-0.27	-0.29	-0.31	
P09411_92-143	0.78	0.77	0.74	0.70	0.64	0.58	0.50	0.42	0.34	0.25	0.16	0.08	-0.01	-0.08	-0.15	-0.20	-0.25	-0.28	-0.30	-0.31	-0.31	-0.30	-0.27	-0.23	-0.19	-0.14	-0.09	-0.03	0.03	0.09	0.14	0.19	0.24	0.28	0.31	0.33	0.34	0.35	0.35	0.33	0.31	0.29	0.26	0.22	0.18	0.14	0.10	0.05	0.01	-0.03	-0.06	-0.09	
P09411_92-143	1.24	1.23	1.19	1.15	1.08	1.01	0.92	0.83	0.73	0.63	0.52	0.42	0.32	0.22	0.13	0.06	-0.01	-0.07	-0.12	-0.15	-0.18	-0.19	-0.20	-0.20	-0.19	-0.17	-0.15	-0.13	-0.10	-0.08	-0.05	-0.03	-0.02	-0.00	0.01	0.01	0.01	0.01	0.01	-0.00	-0.01	-0.02	-0.03	-0.04	-0.04	-0.05	-0.05	-0.04	-0.04	-0.03	-0.01	0.01	
P09411_92-143	1.71	1.68	1.62	1.54	1.43	1.30	1.15	0.99	0.82	0.64	0.47	0.30	0.14	-0.01	-0.14	-0.26	-0.35	-0.42	-0.47	-0.50	-0.50	-0.48	-0.45	-0.40	-0.34	-0.27	-0.19	-0.12	-0.04	0.03	0.09	0.15	0.19	0.21	0.23	0.23	0.21	0.18	0.14	0.09	0.03	-0.03	-0.10	-0.17	-0.23	-0.29	-0.35	-0.39	-0.43	-0.46	-0.47	-0.47	
P09411_101-152	1.52	1.50	1.45	1.38	1.29	1.18	1.06	0.92	0.78	0.63	0.48	0.34	0.20	0.07	-0.04	-0.14	-0.23	-0.29	-0.34	-0.37	-0.38	-0.38	-0.36	-0.33	-0.29	-0.24	-0.18	-0.13	-0.07	-0.02	0.03	0.07	0.10	0.12	0.13	0.13	0.13	0.11	0.09	0.06	0.02	-0.02	-0.06	-0.09	-0.13	-0.16	-0.18	-0.20	-0.21	-0.22	-0.21	-0.20	
P09411_101-152	1.38	1.36	1.31	1.25	1.17	1.07	0.96	0.83	0.70	0.57	0.43	0.30	0.18	0.06	-0.05	-0.14	-0.22	-0.28	-0.33	-0.36	-0.37	-0.37	-0.35	-0.32	-0.29	-0.24	-0.19	-0.14	-0.09	-0.04	0.00	0.04	0.07	0.10	0.11	0.12	0.12	0.11	0.09	0.07	0.04	0.00	-0.03	-0.06	-0.10	-0.12	-0.15	-0.17	-0.18	-0.18	-0.18	-0.17	
P09411_101-152	0.85	0.84	0.81	0.78	0.73	0.67	0.60	0.53	0.46	0.38	0.30	0.22	0.14	0.07	0.01	-0.05	-0.09	-0.13	-0.16	-0.18	-0.19	-0.20	-0.19	-0.18	-0.17	-0.15	-0.13	-0.10	-0.08	-0.06	-0.04	-0.03	-0.02	-0.01	-0.01	-0.02	-0.02	-0.04	-0.05	-0.07	-0.09	-0.11	-0.13	-0.15	-0.17	-0.18	-0.19	-0.20	-0.20	-0.20	-0.19	-0.18	
P09411_101-152	1.02	1.00	0.97	0.93	0.87	0.80	0.72	0.64	0.55	0.45	0.36	0.27	0.18	0.10	0.03	-0.04	-0.09	-0.14	-0.17	-0.19	-0.21	-0.21	-0.20	-0.19	-0.17	-0.14	-0.12	-0.09	-0.06	-0.04	-0.02	-0.00	0.01	0.01	0.01	0.01	-0.01	-0.02	-0.04	-0.07	-0.10	-0.13	-0.15	-0.18	-0.21	-0.23	-0.24	-0.25	-0.26	-0.26	-0.25	-0.24	
P09411_101-152	1.30	1.28	1.24	1.18	1.11	1.02	0.92	0.81	0.69	0.57	0.44	0.32	0.20	0.09	-0.01	-0.10	-0.18	-0.25	-0.30	-0.33	-0.35	-0.35	-0.35	-0.32	-0.29	-0.25	-0.20	-0.15	-0.09	-0.04	0.02	0.07	0.12	0.16	0.20	0.23	0.25	0.26	0.26	0.26	0.25	0.24	0.21	0.19	0.16	0.13	0.10	0.08	0.05	0.02	0.00	-0.02	
P09411_101-152	1.16	1.15	1.11	1.06	0.99	0.91	0.82	0.72	0.62	0.51	0.40	0.29	0.18	0.08	-0.01	-0.09	-0.16	-0.21	-0.25	-0.28	-0.30	-0.30	-0.29	-0.26	-0.23	-0.19	-0.15	-0.10	-0.05	0.01	0.06	0.11	0.15	0.19	0.22	0.25	0.26	0.27	0.28	0.27	0.26	0.24	0.22	0.19	0.17	0.14	0.10	0.07	0.04	0.02	-0.01	-0.03	
P09411_101-152	1.33	1.31	1.26	1.20	1.12	1.02	0.91	0.79	0.66	0.53	0.39	0.26	0.13	0.02	-0.09	-0.19	-0.27	-0.33	-0.38	-0.41	-0.42	-0.42	-0.40	-0.37	-0.33	-0.28	-0.23	-0.17	-0.10	-0.04	0.02	0.08	0.13	0.17	0.21	0.23	0.25	0.26	0.26	0.26	0.24	0.23	0.20	0.18	0.15	0.12	0.10	0.07	0.05	0.03	0.01	0.00	
P09411_101-152	0.88	0.86	0.83	0.78	0.71	0.64	0.55	0.46	0.36	0.25	0.15	0.05	-0.05	-0.13	-0.21	-0.28	-0.34	-0.38	-0.41	-0.42	-0.43	-0.42	-0.40	-0.37	-0.33	-0.29	-0.24	-0.19	-0.14	-0.09	-0.05	-0.01	0.03	0.06	0.09	0.11	0.12	0.13	0.13	0.12	0.12	0.11	0.10	0.09	0.09	0.08	0.07	0.07	0.08	0.08	0.09	0.10	
P09411_101-152	1.13	1.11	1.08	1.04	0.98	0.91	0.83	0.74	0.65	0.55	0.45	0.36	0.27	0.18	0.10	0.03	-0.03	-0.08	-0.12	-0.15	-0.16	-0.17	-0.17	-0.16	-0.14	-0.12	-0.09	-0.07	-0.04	-0.01	0.01	0.03	0.04	0.05	0.05	0.04	0.03	0.02	-0.01	-0.03	-0.06	-0.10	-0.13	-0.16	-0.19	-0.22	-0.24	-0.26	-0.28	-0.29	-0.29	-0.28	
P09411_101-152	1.79	1.76	1.70	1.62	1.52	1.39	1.25	1.09	0.93	0.76	0.58	0.42	0.25	0.10	-0.04	-0.16	-0.26	-0.34	-0.40	-0.44	-0.45	-0.45	-0.43	-0.39	-0.34	-0.28	-0.21	-0.13	-0.05	0.02	0.10	0.17	0.23	0.27	0.31	0.34	0.36	0.36	0.35	0.34	0.31	0.28	0.24	0.20	0.15	0.11	0.06	0.02	-0.01	-0.04	-0.07	-0.09	
P09411_117-168	1.45	1.43	1.39	1.34	1.26	1.17	1.07	0.95	0.83	0.71	0.58	0.45	0.33	0.21	0.10	0.00	-0.08	-0.15	-0.21	-0.26	-0.29	-0.30	-0.30	-0.29	-0.27	-0.24	-0.21	-0.17	-0.12	-0.07	-0.03	0.02	0.06	0.10	0.13	0.15	0.17	0.18	0.18	0.18	0.17	0.16	0.14	0.12	0.10	0.08	0.05	0.03	0.01	-0.01	-0.02	-0.04	
P09411_117-168	1.33	1.31	1.28	1.23	1.16	1.08	0.98	0.88	0.77	0.66	0.54	0.42	0.31	0.20	0.10	0.01	-0.07	-0.14	-0.19	-0.23	-0.26	-0.28	-0.28	-0.27	-0.26	-0.23	-0.20	-0.16	-0.12	-0.08	-0.04	-0.00	0.04	0.07	0.10	0.12	0.14	0.15	0.15	0.15	0.14	0.13	0.12	0.10	0.08	0.06	0.04	0.02	0.00	-0.01	-0.03	-0.04	
P09411_117-168	0.92	0.90	0.87	0.83	0.77	0.71	0.63	0.55	0.46	0.38	0.29	0.20	0.12	0.04	-0.03	-0.09	-0.13	-0.17	-0.20	-0.21	-0.21	-0.20	-0.18	-0.15	-0.12	-0.08	-0.04	0.01	0.05	0.09	0.13	0.17	0.20	0.22	0.23	0.24	0.24	0.23	0.22	0.20	0.18	0.15	0.12	0.09	0.06	0.03	-0.00	-0.03	-0.05	-0.07	-0.08	-0.08	
P09411_117-168	1.08	1.06	1.02	0.97	0.90	0.82	0.73	0.64	0.53	0.42	0.32	0.21	0.11	0.02	-0.06	-0.13	-0.18	-0.22	-0.25	-0.27	-0.27	-0.25	-0.23	-0.19	-0.15	-0.10	-0.05	0.00	0.06	0.11	0.16	0.20	0.23	0.26	0.27	0.28	0.28	0.27	0.25	0.23	0.20	0.17	0.13	0.10	0.06	0.02	-0.01	-0.03	-0.06	-0.07	-0.08	-0.09	
P09411_117-168	1.31	1.29	1.25	1.19	1.11	1.02	0.92	0.80	0.68	0.56	0.43	0.31	0.19	0.08	-0.02	-0.10	-0.17	-0.23	-0.28	-0.31	-0.32	-0.32	-0.31	-0.29	-0.26	-0.23	-0.19	-0.15	-0.11	-0.07	-0.04	-0.01	0.01	0.02	0.02	0.02	0.01	-0.01	-0.03	-0.06	-0.09	-0.12	-0.15	-0.18	-0.21	-0.24	-0.26	-0.27	-0.28	-0.28	-0.27	-0.26	
P09411_117-168	1.22	1.19	1.15	1.09	1.02	0.92	0.82	0.70	0.58	0.46	0.34	0.21	0.10	-0.01	-0.10	-0.19	-0.25	-0.31	-0.34	-0.37	-0.37	-0.37	-0.35	-0.32	-0.28	-0.24	-0.20	-0.15	-0.10	-0.06	-0.02	0.01	0.03	0.04	0.05	0.04	0.03	0.01	-0.01	-0.05	-0.08	-0.12	-0.16	-0.19	-0.23	-0.26	-0.28	-0.30	-0.31	-0.31	-0.30	-0.29	
P09411_117-168	1.30	1.28	1.24	1.19	1.12	1.04	0.94	0.84	0.72	0.61	0.49	0.37	0.26	0.15	0.05	-0.03	-0.11	-0.18	-0.23	-0.27	-0.29	-0.31	-0.31	-0.30	-0.29	-0.26	-0.24	-0.21	-0.18	-0.14	-0.11	-0.09	-0.07	-0.05	-0.04	-0.03	-0.03	-0.04	-0.05	-0.07	-0.09	-0.11	-0.13	-0.16	-0.18	-0.20	-0.21	-0.23	-0.24	-0.24	-0.24	-0.23	
P09411_117-168	0.89	0.88	0.86	0.83	0.79	0.75	0.69	0.63	0.57	0.50	0.43	0.36	0.30	0.23	0.17	0.11	0.05	0.00	-0.04	-0.08	-0.11	-0.13	-0.14	-0.15	-0.16	-0.16	-0.15	-0.14	-0.13	-0.12	-0.10	-0.09	-0.08	-0.06	-0.05	-0.04	-0.04	-0.03	-0.03	-0.03	-0.04	-0.04	-0.05	-0.06	-0.07	-0.08	-0.09	-0.11	-0.12	-0.13	-0.13	-0.14	
P09411_117-168	1.16	1.14	1.10	1.04	0.97	0.89	0.79	0.68	0.57	0.45	0.34	0.22	0.12	0.02	-0.07	-0.15	-0.21	-0.26	-0.29	-0.31	-0.31	-0.30	-0.27	-0.24	-0.19	-0.14	-0.09	-0.03	0.03	0.08	0.13	0.18	0.22	0.25	0.27	0.28	0.28	0.28	0.26	0.24	0.22	0.19	0.16	0.12	0.09	0.06	0.03	0.00	-0.02	-0.03	-0.05	-0.05	
P09411_117-168	1.67	1.64	1.59	1.52	1.43	1.31	1.18	1.04	0.89	0.73	0.57	0.42	0.27	0.13	-0.00	-0.12	-0.22	-0.30	-0.37	-0.41	-0.44	-0.45	-0.45	-0.44	-0.41	-0.37	-0.33	-0.29	-0.24	-0.20	-0.15	-0.12	-0.09	-0.06	-0.05	-0.04	-0.04	-0.05	-0.07	-0.09	-0.11	-0.14	-0.17	-0.20	-0.23	-0.25	-0.27	-0.28	-0.29	-0.29	-0.29	-0.28	
P09411_126-177	1.45	1.43	1.39	1.32	1.24	1.14	1.03	0.90	0.77	0.64	0.50	0.37	0.24	0.12	0.01	-0.08	-0.16	-0.22	-0.27	-0.30	-0.32	-0.32	-0.31	-0.28	-0.25	-0.21	-0.17	-0.12	-0.07	-0.03	0.01	0.05	0.07	0.09	0.10	0.10	0.10	0.09	0.07	0.04	0.01	-0.02	-0.05	-0.08	-0.11	-0.14	-0.15	-0.17	-0.17	-0.17	-0.16	-0.15	
P09411_126-177	1.35	1.33	1.29	1.23	1.15	1.06	0.96	0.84	0.72	0.60	0.47	0.35	0.24	0.13	0.03	-0.06	-0.13	-0.18	-0.23	-0.26	-0.27	-0.27	-0.26	-0.24	-0.21	-0.17	-0.13	-0.09	-0.05	-0.01	0.02	0.05	0.08	0.09	0.10	0.10	0.09	0.08	0.06	0.03	0.01	-0.02	-0.05	-0.08	-0.11	-0.13	-0.14	-0.15	-0.16	-0.15	-0.14	-0.13	
P09411_126-177	0.88	0.87	0.84	0.79	0.74	0.67	0.59	0.51	0.42	0.33	0.23	0.14	0.05	-0.03	-0.10	-0.16	-0.22	-0.26	-0.29	-0.31	-0.32	-0.31	-0.30	-0.28	-0.25	-0.22	-0.18	-0.14	-0.09	-0.05	-0.02	0.02	0.05	0.08	0.10	0.11	0.12	0.12	0.12	0.11	0.09	0.08	0.06	0.04	0.02	0.00	-0.01	-0.03	-0.04	-0.05	-0.06	-0.06	
P09411_126-177	1.02	1.01	0.97	0.92	0.85	0.78	0.69	0.59	0.48	0.37	0.27	0.16	0.06	-0.04	-0.13	-0.20	-0.27	-0.32	-0.36	-0.38	-0.39	-0.39	-0.38	-0.36	-0.32	-0.28	-0.24	-0.19	-0.14	-0.09	-0.05	-0.00	0.03	0.07	0.09	0.11	0.12	0.13	0.13	0.12	0.11	0.09	0.07	0.04	0.02	-0.00	-0.03	-0.05	-0.07	-0.08	-0.09	-0.10	
P09411_126-177	1.29	1.27	1.24	1.19	1.12	1.04	0.95	0.85	0.75	0.64	0.53	0.42	0.31	0.21	0.12	0.04	-0.03	-0.09	-0.14	-0.17	-0.19	-0.19	-0.19	-0.18	-0.15	-0.12	-0.09	-0.05	-0.01	0.03	0.06	0.09	0.12	0.15	0.16	0.17	0.17	0.17	0.15	0.14	0.11	0.09	0.06	0.03	-0.00	-0.03	-0.06	-0.09	-0.11	-0.13	-0.14	-0.15	
P09411_126-177	1.25	1.23	1.20	1.14	1.07	0.99	0.90	0.79	0.68	0.57	0.45	0.34	0.23	0.13	0.04	-0.05	-0.12	-0.17	-0.22	-0.25	-0.26	-0.26	-0.25	-0.23	-0.20	-0.17	-0.12	-0.08	-0.03	0.01	0.05	0.09	0.12	0.15	0.17	0.18	0.18	0.18	0.17	0.15	0.13	0.10	0.07	0.04	0.00	-0.03	-0.06	-0.09	-0.12	-0.14	-0.16	-0.17	
P09411_126-177	1.34	1.32	1.28	1.23	1.16	1.08	0.99	0.89	0.78	0.67	0.55	0.44	0.34	0.24	0.14	0.06	-0.01	-0.07	-0.11	-0.15	-0.16	-0.17	-0.17	-0.15	-0.13	-0.10	-0.06	-0.03	0.01	0.05	0.09	0.12	0.14	0.16	0.17	0.18	0.18	0.17	0.15	0.13	0.10	0.07	0.04	0.00	-0.03	-0.07	-0.10	-0.12	-0.15	-0.16	-0.17	-0.18	
P09411_126-177	0.87	0.86	0.84	0.81	0.77	0.72	0.67	0.61	0.54	0.48	0.41	0.34	0.28	0.22	0.16	0.11	0.07	0.03	0.00	-0.02	-0.03	-0.04	-0.04	-0.04	-0.03	-0.01	0.00	0.02	0.04	0.06	0.07	0.09	0.10	0.11	0.11	0.11	0.11	0.10	0.09	0.07	0.06	0.04	0.02	-0.00	-0.02	-0.04	-0.05	-0.07	-0.07	-0.08	-0.08	-0.08	
P09411_126-177	1.12	1.10	1.06	1.01	0.94	0.85	0.76	0.65	0.54	0.42	0.31	0.19	0.08	-0.02	-0.11	-0.19	-0.26	-0.32	-0.36	-0.38	-0.40	-0.39	-0.38	-0.36	-0.33	-0.29	-0.24	-0.20	-0.15	-0.10	-0.06	-0.01	0.02	0.05	0.07	0.09	0.10	0.10	0.09	0.08	0.07	0.05	0.03	0.01	-0.02	-0.04	-0.05	-0.07	-0.08	-0.09	-0.09	-0.09	
P09411_126-177	1.80	1.78	1.72	1.65	1.55	1.43	1.29	1.14	0.98	0.82	0.66	0.50	0.35	0.21	0.08	-0.03	-0.13	-0.20	-0.26	-0.29	-0.31	-0.31	-0.29	-0.25	-0.21	-0.16	-0.10	-0.03	0.03	0.08	0.14	0.18	0.22	0.24	0.25	0.25	0.24	0.22	0.19	0.15	0.10	0.05	-0.01	-0.06	-0.12	-0.17	-0.21	-0.25	-0.28	-0.30	-0.31	-0.31	
P09411_142-193	1.40	1.38	1.34	1.28	1.20	1.11	1.00	0.88	0.76	0.63	0.50	0.38	0.26	0.15	0.05	-0.04	-0.11	-0.17	-0.21	-0.23	-0.24	-0.24	-0.23	-0.20	-0.16	-0.12	-0.07	-0.03	0.02	0.07	0.11	0.14	0.17	0.19	0.20	0.20	0.19	0.18	0.16	0.13	0.11	0.07	0.04	0.01	-0.02	-0.05	-0.07	-0.09	-0.10	-0.10	-0.10	-0.10	
P09411_142-193	1.28	1.26	1.22	1.17	1.09	1.01	0.91	0.80	0.69	0.57	0.45	0.34	0.23	0.13	0.04	-0.04	-0.10	-0.15	-0.19	-0.21	-0.22	-0.21	-0.20	-0.17	-0.14	-0.10	-0.05	-0.01	0.04	0.08	0.11	0.15	0.17	0.19	0.19	0.20	0.19	0.18	0.16	0.13	0.10	0.07	0.04	0.01	-0.02	-0.04	-0.06	-0.08	-0.09	-0.10	-0.09	-0.09	
P09411_142-193	0.95	0.94	0.91	0.87	0.81	0.75	0.67	0.59	0.50	0.41	0.32	0.23	0.14	0.06	-0.02	-0.08	-0.14	-0.19	-0.23	-0.26	-0.27	-0.28	-0.28	-0.26	-0.25	-0.22	-0.19	-0.16	-0.13	-0.10	-0.06	-0.03	-0.01	0.01	0.03	0.04	0.05	0.05	0.04	0.03	0.02	0.01	-0.01	-0.03	-0.05	-0.07	-0.09	-0.11	-0.12	-0.13	-0.14	-0.14	
P09411_142-193	1.15	1.13	1.09	1.04	0.98	0.90	0.81	0.71	0.60	0.49	0.38	0.27	0.16	0.06	-0.03	-0.11	-0.18	-0.24	-0.28	-0.31	-0.33	-0.34	-0.33	-0.32	-0.29	-0.26	-0.22	-0.18	-0.14	-0.10	-0.06	-0.03	0.01	0.03	0.05	0.06	0.07	0.07	0.06	0.05	0.03	0.01	-0.02	-0.05	-0.07	-0.10	-0.12	-0.14	-0.16	-0.17	-0.18	-0.18	
P09411_142-193	1.24	1.22	1.18	1.12	1.05	0.96	0.85	0.74	0.62	0.50	0.37	0.25	0.14	0.03	-0.06	-0.15	-0.21	-0.27	-0.30	-0.33	-0.33	-0.32	-0.30	-0.27	-0.23	-0.19	-0.14	-0.08	-0.03	0.02	0.06	0.10	0.13	0.16	0.17	0.17	0.17	0.16	0.14	0.11	0.08	0.04	0.01	-0.03	-0.07	-0.10	-0.13	-0.16	-0.17	-0.19	-0.19	-0.19	
P09411_142-193	1.22	1.20	1.16	1.11	1.03	0.95	0.85	0.74	0.63	0.51	0.39	0.28	0.16	0.06	-0.04	-0.12	-0.19	-0.25	-0.29	-0.32	-0.34	-0.34	-0.33	-0.31	-0.28	-0.24	-0.20	-0.15	-0.11	-0.06	-0.02	0.02	0.05	0.08	0.10	0.11	0.11	0.11	0.10	0.08	0.06	0.03	0.00	-0.03	-0.06	-0.09	-0.11	-0.14	-0.16	-0.17	-0.18	-0.18	
P09411_142-193	1.18	1.17	1.13	1.08	1.01	0.93	0.84	0.73	0.63	0.52	0.40	0.30	0.19	0.10	0.01	-0.07	-0.13	-0.18	-0.22	-0.24	-0.26	-0.26	-0.24	-0.22	-0.19	-0.16	-0.12	-0.08	-0.04	-0.00	0.03	0.07	0.09	0.11	0.12	0.13	0.12	0.12	0.10	0.09	0.07	0.04	0.02	-0.01	-0.03	-0.05	-0.06	-0.08	-0.08	-0.09	-0.08	-0.08	
P09411_142-193	0.70	0.69	0.66	0.63	0.59	0.54	0.49	0.43	0.37	0.30	0.24	0.18	0.12	0.07	0.02	-0.01	-0.04	-0.07	-0.08	-0.09	-0.08	-0.08	-0.06	-0.05	-0.03	-0.01	0.01	0.03	0.05	0.07	0.08	0.09	0.09	0.09	0.08	0.07	0.06	0.04	0.02	0.00	-0.01	-0.03	-0.04	-0.06	-0.06	-0.07	-0.06	-0.06	-0.05	-0.03	-0.02	0.00	
P09411_142-193	1.22	1.20	1.17	1.12	1.05	0.97	0.87	0.77	0.66	0.55	0.44	0.32	0.22	0.11	0.02	-0.07	-0.14	-0.20	-0.24	-0.28	-0.30	-0.30	-0.30	-0.28	-0.26	-0.22	-0.19	-0.14	-0.10	-0.06	-0.02	0.02	0.06	0.08	0.11	0.12	0.13	0.13	0.12	0.10	0.08	0.06	0.03	0.00	-0.03	-0.06	-0.09	-0.12	-0.14	-0.16	-0.17	-0.18	
P09411_142-193	1.68	1.66	1.60	1.53	1.43	1.31	1.18	1.03	0.88	0.72	0.56	0.40	0.24	0.10	-0.03	-0.14	-0.24	-0.32	-0.38	-0.42	-0.44	-0.44	-0.43	-0.40	-0.35	-0.30	-0.24	-0.18	-0.12	-0.05	0.01	0.06	0.11	0.15	0.18	0.20	0.21	0.21	0.20	0.18	0.16	0.13	0.10	0.07	0.04	0.01	-0.02	-0.04	-0.06	-0.07	-0.08	-0.08	
P09411_151-202	1.42	1.39	1.35	1.28	1.18	1.08	0.95	0.82	0.68	0.53	0.39	0.25	0.11	-0.01	-0.12	-0.21	-0.28	-0.34	-0.37	-0.39	-0.39	-0.37	-0.34	-0.29	-0.24	-0.18	-0.11	-0.05	0.02	0.08	0.13	0.17	0.21	0.23	0.24	0.24	0.23	0.20	0.17	0.13	0.08	0.04	-0.02	-0.07	-0.11	-0.15	-0.19	-0.22	-0.24	-0.25	-0.25	-0.24	
P09411_151-202	1.28	1.26	1.21	1.15	1.07	0.97	0.86	0.73	0.61	0.47	0.34	0.22	0.10	-0.01	-0.11	-0.19	-0.26	-0.31	-0.34	-0.36	-0.36	-0.34	-0.32	-0.27	-0.23	-0.17	-0.11	-0.05	0.01	0.06	0.11	0.15	0.18	0.21	0.22	0.22	0.21	0.19	0.16	0.12	0.08	0.04	-0.01	-0.05	-0.09	-0.13	-0.17	-0.19	-0.21	-0.22	-0.22	-0.22	
P09411_151-202	1.00	0.98	0.95	0.91	0.85	0.78	0.71	0.62	0.54	0.44	0.35	0.26	0.17	0.09	0.02	-0.05	-0.10	-0.15	-0.18	-0.20	-0.21	-0.21	-0.21	-0.19	-0.17	-0.14	-0.11	-0.08	-0.05	-0.02	0.01	0.03	0.05	0.07	0.08	0.08	0.08	0.08	0.06	0.05	0.03	0.01	-0.01	-0.03	-0.05	-0.07	-0.08	-0.09	-0.10	-0.11	-0.11	-0.10	
P09411_151-202	1.22	1.20	1.16	1.10	1.03	0.95	0.85	0.75	0.64	0.52	0.40	0.29	0.18	0.08	-0.01	-0.09	-0.15	-0.21	-0.25	-0.27	-0.28	-0.28	-0.27	-0.25	-0.21	-0.18	-0.14	-0.09	-0.05	-0.01	0.03	0.06	0.09	0.10	0.12	0.12	0.12	0.11	0.09	0.07	0.05	0.02	-0.01	-0.04	-0.07	-0.09	-0.11	-0.13	-0.14	-0.15	-0.15	-0.15	
P09411_151-202	1.23	1.21	1.17	1.12	1.05	0.97	0.87	0.77	0.66	0.54	0.43	0.31	0.20	0.10	0.00	-0.08	-0.15	-0.21	-0.26	-0.29	-0.31	-0.32	-0.31	-0.29	-0.26	-0.23	-0.19	-0.14	-0.09	-0.05	-0.00	0.04	0.08	0.11	0.14	0.16	0.17	0.17	0.17	0.16	0.14	0.12	0.10	0.07	0.05	0.02	-0.01	-0.03	-0.06	-0.08	-0.09	-0.10	
P09411_151-202	1.18	1.17	1.13	1.09	1.03	0.96	0.88	0.78	0.69	0.59	0.48	0.38	0.28	0.19	0.10	0.02	-0.06	-0.12	-0.17	-0.21	-0.23	-0.25	-0.25	-0.25	-0.24	-0.21	-0.19	-0.16	-0.12	-0.09	-0.05	-0.02	0.02	0.04	0.07	0.09	0.10	0.11	0.11	0.11	0.10	0.09	0.08	0.06	0.04	0.02	0.00	-0.01	-0.03	-0.05	-0.06	-0.07	
P09411_151-202	1.10	1.09	1.06	1.01	0.95	0.88	0.80	0.71	0.62	0.52	0.42	0.32	0.23	0.14	0.05	-0.02	-0.09	-0.14	-0.19	-0.22	-0.24	-0.25	-0.24	-0.23	-0.22	-0.19	-0.16	-0.13	-0.09	-0.06	-0.02	0.01	0.04	0.06	0.08	0.09	0.10	0.10	0.09	0.08	0.06	0.04	0.02	-0.00	-0.03	-0.05	-0.08	-0.10	-0.12	-0.13	-0.14	-0.15	
P09411_151-202	0.59	0.59	0.57	0.54	0.51	0.47	0.43	0.38	0.32	0.27	0.22	0.16	0.11	0.06	0.02	-0.02	-0.05	-0.08	-0.10	-0.11	-0.12	-0.12	-0.11	-0.10	-0.08	-0.07	-0.05	-0.02	-0.00	0.02	0.04	0.05	0.07	0.08	0.08	0.09	0.08	0.07	0.06	0.05	0.03	0.01	-0.01	-0.04	-0.06	-0.08	-0.10	-0.12	-0.13	-0.15	-0.15	-0.16	
P09411_151-202	1.28	1.26	1.22	1.16	1.08	0.99	0.89	0.77	0.65	0.53	0.40	0.28	0.17	0.06	-0.04	-0.12	-0.19	-0.24	-0.28	-0.30	-0.31	-0.30	-0.29	-0.26	-0.22	-0.18	-0.13	-0.08	-0.03	0.01	0.05	0.09	0.11	0.13	0.15	0.15	0.15	0.13	0.12	0.09	0.06	0.03	0.00	-0.03	-0.05	-0.08	-0.10	-0.11	-0.12	-0.13	-0.13	-0.12	
P09411_151-202	1.58	1.56	1.52	1.45	1.37	1.27	1.16	1.03	0.90	0.76	0.62	0.48	0.34	0.21	0.09	-0.02	-0.12	-0.20	-0.27	-0.32	-0.35	-0.37	-0.38	-0.37	-0.36	-0.33	-0.29	-0.25	-0.21	-0.16	-0.12	-0.07	-0.03	-0.00	0.03	0.05	0.06	0.07	0.07	0.06	0.05	0.03	0.01	-0.01	-0.03	-0.06	-0.08	-0.10	-0.11	-0.12	-0.13	-0.13	
P09411_167-218	1.45	1.43	1.38	1.31	1.23	1.12	1.01	0.88	0.74	0.60	0.45	0.31	0.17	0.05	-0.07	-0.17	-0.26	-0.33	-0.39	-0.42	-0.44	-0.45	-0.44	-0.41	-0.37	-0.33	-0.27	-0.22	-0.16	-0.10	-0.04	0.01	0.06	0.10	0.13	0.16	0.17	0.18	0.18	0.17	0.15	0.13	0.11	0.08	0.06	0.03	0.01	-0.02	-0.03	-0.05	-0.05	-0.06	
P09411_167-218	1.32	1.30	1.26	1.20	1.12	1.02	0.91	0.79	0.67	0.54	0.40	0.27	0.15	0.03	-0.07	-0.17	-0.25	-0.31	-0.36	-0.39	-0.41	-0.41	-0.40	-0.37	-0.34	-0.29	-0.25	-0.19	-0.14	-0.08	-0.03	0.01	0.05	0.09	0.12	0.14	0.15	0.15	0.15	0.14	0.12	0.10	0.08	0.06	0.03	0.01	-0.01	-0.03	-0.05	-0.06	-0.06	-0.06	
P09411_167-218	0.97	0.95	0.92	0.88	0.82	0.75	0.67	0.58	0.49	0.39	0.30	0.21	0.12	0.04	-0.03	-0.08	-0.13	-0.17	-0.19	-0.20	-0.20	-0.19	-0.18	-0.15	-0.12	-0.08	-0.05	-0.01	0.02	0.05	0.08	0.10	0.12	0.12	0.12	0.12	0.10	0.08	0.06	0.03	0.00	-0.03	-0.06	-0.09	-0.11	-0.13	-0.15	-0.16	-0.17	-0.16	-0.16	-0.15	
P09411_167-218	1.17	1.15	1.11	1.06	0.99	0.90	0.81	0.70	0.59	0.48	0.37	0.26	0.15	0.06	-0.03	-0.10	-0.16	-0.20	-0.24	-0.25	-0.26	-0.25	-0.23	-0.21	-0.17	-0.13	-0.09	-0.05	-0.01	0.03	0.06	0.09	0.11	0.12	0.12	0.11	0.10	0.08	0.06	0.03	-0.01	-0.04	-0.07	-0.10	-0.13	-0.16	-0.18	-0.19	-0.19	-0.19	-0.19	-0.17	
P09411_167-218	1.23	1.21	1.18	1.12	1.06	0.98	0.88	0.78	0.67	0.56	0.45	0.33	0.23	0.12	0.03	-0.05	-0.12	-0.18	-0.23	-0.26	-0.28	-0.29	-0.29	-0.27	-0.25	-0.22	-0.19	-0.15	-0.11	-0.07	-0.03	0.00	0.03	0.06	0.08	0.09	0.09	0.09	0.08	0.07	0.05	0.03	0.00	-0.02	-0.05	-0.08	-0.10	-0.12	-0.14	-0.15	-0.15	-0.16	
P09411_167-218	1.12	1.10	1.07	1.02	0.97	0.90	0.82	0.73	0.64	0.54	0.45	0.35	0.26	0.17	0.09	0.01	-0.05	-0.10	-0.15	-0.18	-0.20	-0.21	-0.20	-0.20	-0.18	-0.15	-0.13	-0.10	-0.06	-0.03	0.00	0.03	0.05	0.07	0.09	0.10	0.10	0.10	0.09	0.07	0.06	0.03	0.01	-0.02	-0.04	-0.07	-0.09	-0.11	-0.13	-0.15	-0.16	-0.16	
P09411_167-218	1.08	1.07	1.03	0.99	0.93	0.86	0.79	0.70	0.61	0.51	0.41	0.32	0.22	0.14	0.06	-0.02	-0.08	-0.13	-0.18	-0.21	-0.23	-0.23	-0.23	-0.22	-0.20	-0.18	-0.15	-0.12	-0.08	-0.05	-0.01	0.02	0.05	0.07	0.09	0.11	0.12	0.12	0.12	0.12	0.11	0.10	0.08	0.06	0.05	0.03	0.01	-0.01	-0.02	-0.03	-0.04	-0.05	
P09411_167-218	0.61	0.60	0.59	0.56	0.52	0.48	0.44	0.39	0.33	0.27	0.21	0.16	0.10	0.05	-0.00	-0.05	-0.09	-0.12	-0.15	-0.17	-0.18	-0.19	-0.19	-0.18	-0.17	-0.15	-0.13	-0.11	-0.08	-0.06	-0.03	-0.00	0.02	0.05	0.07	0.09	0.10	0.11	0.12	0.13	0.13	0.13	0.13	0.13	0.12	0.12	0.11	0.10	0.10	0.09	0.08	0.07	
P09411_167-218	1.29	1.27	1.22	1.16	1.08	0.98	0.87	0.75	0.63	0.50	0.37	0.24	0.13	0.02	-0.08	-0.16	-0.23	-0.28	-0.31	-0.33	-0.33	-0.32	-0.29	-0.26	-0.21	-0.16	-0.11	-0.05	-0.00	0.05	0.09	0.13	0.15	0.17	0.17	0.17	0.15	0.13	0.10	0.07	0.02	-0.02	-0.06	-0.10	-0.14	-0.18	-0.21	-0.23	-0.24	-0.25	-0.25	-0.24	
P09411_167-218	1.57	1.55	1.51	1.44	1.36	1.26	1.15	1.03	0.90	0.76	0.62	0.49	0.36	0.24	0.13	0.03	-0.05	-0.12	-0.17	-0.21	-0.23	-0.23	-0.23	-0.21	-0.18	-0.14	-0.10	-0.05	-0.00	0.04	0.09	0.12	0.16	0.18	0.20	0.20	0.20	0.19	0.18	0.16	0.13	0.10	0.06	0.03	-0.01	-0.04	-0.07	-0.09	-0.11	-0.13	-0.14	-0.14	
P09411_176-227	1.46	1.44	1.39	1.33	1.25	1.15	1.03	0.91	0.78	0.64	0.50	0.36	0.23	0.10	-0.01	-0.12	-0.21	-0.28	-0.34	-0.38	-0.41	-0.42	-0.42	-0.40	-0.38	-0.34	-0.30	-0.25	-0.20	-0.15	-0.11	-0.06	-0.02	0.01	0.03	0.05	0.06	0.06	0.05	0.04	0.02	-0.00	-0.03	-0.06	-0.09	-0.11	-0.14	-0.16	-0.18	-0.19	-0.20	-0.20	
P09411_176-227	1.32	1.30	1.27	1.21	1.13	1.05	0.94	0.83	0.71	0.59	0.46	0.34	0.22	0.10	-0.00	-0.10	-0.18	-0.25	-0.30	-0.34	-0.37	-0.38	-0.38	-0.37	-0.34	-0.31	-0.27	-0.23	-0.19	-0.14	-0.10	-0.05	-0.02	0.02	0.04	0.06	0.07	0.07	0.07	0.06	0.04	0.02	-0.01	-0.03	-0.06	-0.09	-0.12	-0.14	-0.16	-0.17	-0.18	-0.19	
P09411_176-227	0.94	0.92	0.90	0.85	0.80	0.73	0.66	0.58	0.49	0.40	0.31	0.23	0.14	0.07	-0.00	-0.07	-0.12	-0.16	-0.19	-0.20	-0.21	-0.21	-0.19	-0.17	-0.14	-0.11	-0.08	-0.04	0.00	0.04	0.07	0.11	0.13	0.15	0.16	0.17	0.17	0.16	0.15	0.13	0.11	0.09	0.06	0.03	0.00	-0.03	-0.05	-0.08	-0.09	-0.11	-0.12	-0.12	
P09411_176-227	1.18	1.16	1.12	1.07	1.00	0.92	0.82	0.72	0.61	0.50	0.38	0.27	0.17	0.07	-0.01	-0.09	-0.15	-0.20	-0.23	-0.25	-0.26	-0.25	-0.23	-0.20	-0.16	-0.12	-0.07	-0.02	0.02	0.07	0.11	0.15	0.17	0.20	0.21	0.21	0.21	0.19	0.17	0.15	0.11	0.08	0.04	0.00	-0.03	-0.07	-0.10	-0.12	-0.14	-0.16	-0.17	-0.17	
P09411_176-227	1.26	1.24	1.20	1.14	1.07	0.99	0.89	0.78	0.67	0.55	0.43	0.32	0.21	0.11	0.01	-0.07	-0.13	-0.19	-0.23	-0.25	-0.26	-0.26	-0.25	-0.23	-0.20	-0.16	-0.12	-0.08	-0.03	0.01	0.04	0.07	0.10	0.12	0.13	0.13	0.13	0.12	0.10	0.08	0.05	0.02	-0.01	-0.04	-0.06	-0.09	-0.11	-0.13	-0.14	-0.15	-0.15	-0.15	
P09411_176-227	1.15	1.13	1.09	1.04	0.97	0.89	0.80	0.69	0.59	0.48	0.37	0.26	0.16	0.07	-0.01	-0.08	-0.14	-0.19	-0.21	-0.23	-0.23	-0.22	-0.20	-0.17	-0.14	-0.10	-0.05	-0.01	0.03	0.07	0.10	0.13	0.15	0.16	0.17	0.16	0.15	0.14	0.11	0.09	0.06	0.02	-0.01	-0.04	-0.07	-0.09	-0.11	-0.12	-0.13	-0.13	-0.13	-0.12	
P09411_176-227	1.12	1.10	1.06	1.01	0.94	0.86	0.76	0.66	0.55	0.44	0.33	0.22	0.12	0.03	-0.06	-0.13	-0.19	-0.23	-0.26	-0.28	-0.28	-0.28	-0.26	-0.23	-0.20	-0.16	-0.11	-0.07	-0.03	0.01	0.04	0.07	0.09	0.10	0.11	0.10	0.09	0.07	0.05	0.02	-0.01	-0.04	-0.07	-0.10	-0.13	-0.15	-0.17	-0.18	-0.19	-0.19	-0.18	-0.17	
P09411_176-227	0.58	0.57	0.55	0.53	0.49	0.45	0.41	0.36	0.30	0.25	0.19	0.13	0.08	0.02	-0.03	-0.07	-0.11	-0.14	-0.17	-0.19	-0.21	-0.21	-0.22	-0.21	-0.21	-0.20	-0.18	-0.17	-0.15	-0.13	-0.11	-0.10	-0.08	-0.07	-0.06	-0.05	-0.05	-0.05	-0.05	-0.05	-0.06	-0.07	-0.08	-0.08	-0.09	-0.10	-0.11	-0.12	-0.12	-0.12	-0.12	-0.11	
P09411_176-227	1.27	1.25	1.21	1.16	1.08	1.00	0.90	0.79	0.68	0.56	0.44	0.32	0.21	0.10	0.00	-0.08	-0.16	-0.22	-0.26	-0.30	-0.31	-0.32	-0.31	-0.28	-0.25	-0.21	-0.17	-0.12	-0.06	-0.01	0.04	0.09	0.13	0.17	0.19	0.21	0.23	0.23	0.23	0.22	0.20	0.17	0.14	0.11	0.07	0.04	0.00	-0.03	-0.06	-0.09	-0.11	-0.13	
P09411_176-227	1.53	1.51	1.46	1.39	1.30	1.19	1.06	0.93	0.78	0.63	0.49	0.34	0.20	0.08	-0.04	-0.13	-0.21	-0.28	-0.32	-0.35	-0.35	-0.34	-0.32	-0.28	-0.24	-0.18	-0.12	-0.06	-0.00	0.05	0.11	0.15	0.18	0.21	0.22	0.22	0.21	0.20	0.17	0.14	0.10	0.06	0.01	-0.03	-0.07	-0.11	-0.14	-0.17	-0.19	-0.20	-0.20	-0.20	
P09411_192-243	1.52	1.50	1.45	1.39	1.31	1.21	1.09	0.97	0.83	0.70	0.56	0.42	0.29	0.17	0.06	-0.04	-0.12	-0.18	-0.24	-0.27	-0.29	-0.29	-0.28	-0.26	-0.23	-0.19	-0.14	-0.09	-0.04	0.01	0.05	0.09	0.12	0.15	0.17	0.18	0.18	0.17	0.16	0.14	0.11	0.08	0.05	0.02	-0.01	-0.04	-0.06	-0.09	-0.10	-0.11	-0.12	-0.12	
P09411_192-243	1.41	1.39	1.35	1.29	1.21	1.11	1.00	0.89	0.76	0.63	0.50	0.37	0.25	0.13	0.03	-0.06	-0.14	-0.20	-0.25	-0.28	-0.30	-0.30	-0.29	-0.26	-0.23	-0.19	-0.14	-0.10	-0.05	-0.00	0.04	0.08	0.12	0.14	0.16	0.17	0.17	0.16	0.15	0.13	0.11	0.08	0.05	0.02	-0.01	-0.04	-0.06	-0.09	-0.10	-0.11	-0.12	-0.12	
P09411_192-243	1.02	1.00	0.96	0.91	0.85	0.77	0.68	0.59	0.48	0.38	0.27	0.17	0.07	-0.02	-0.10	-0.17	-0.23	-0.27	-0.31	-0.33	-0.33	-0.33	-0.31	-0.28	-0.25	-0.21	-0.16	-0.12	-0.07	-0.03	0.02	0.05	0.08	0.11	0.12	0.13	0.14	0.13	0.12	0.11	0.09	0.06	0.04	0.01	-0.01	-0.04	-0.06	-0.07	-0.09	-0.10	-0.10	-0.10	
P09411_192-243	1.22	1.20	1.16	1.10	1.02	0.93	0.83	0.71	0.59	0.47	0.35	0.22	0.11	0.00	-0.10	-0.18	-0.25	-0.31	-0.35	-0.37	-0.38	-0.37	-0.36	-0.33	-0.29	-0.25	-0.20	-0.14	-0.09	-0.04	0.01	0.05	0.09	0.11	0.14	0.15	0.15	0.15	0.14	0.12	0.10	0.08	0.05	0.02	-0.00	-0.03	-0.05	-0.07	-0.08	-0.09	-0.09	-0.09	
P09411_192-243	1.15	1.13	1.10	1.05	0.98	0.91	0.82	0.73	0.62	0.52	0.41	0.31	0.21	0.12	0.03	-0.05	-0.11	-0.16	-0.20	-0.23	-0.24	-0.25	-0.24	-0.22	-0.20	-0.16	-0.13	-0.09	-0.05	-0.01	0.02	0.05	0.08	0.10	0.12	0.12	0.12	0.12	0.10	0.09	0.06	0.04	0.01	-0.02	-0.05	-0.07	-0.10	-0.12	-0.13	-0.15	-0.15	-0.15	
P09411_192-243	1.04	1.02	0.99	0.95	0.89	0.82	0.74	0.65	0.55	0.45	0.35	0.26	0.16	0.08	-0.01	-0.08	-0.14	-0.19	-0.23	-0.25	-0.27	-0.27	-0.26	-0.25	-0.22	-0.19	-0.16	-0.12	-0.08	-0.04	0.00	0.03	0.06	0.09	0.11	0.12	0.13	0.12	0.12	0.10	0.09	0.07	0.04	0.01	-0.01	-0.04	-0.06	-0.09	-0.11	-0.12	-0.13	-0.14	
P09411_192-243	1.06	1.05	1.02	0.98	0.92	0.85	0.77	0.69	0.60	0.50	0.41	0.31	0.22	0.13	0.05	-0.03	-0.09	-0.15	-0.19	-0.22	-0.24	-0.25	-0.25	-0.24	-0.22	-0.19	-0.16	-0.12	-0.09	-0.05	-0.01	0.03	0.07	0.10	0.12	0.14	0.16	0.17	0.17	0.17	0.16	0.14	0.13	0.11	0.08	0.06	0.03	0.01	-0.01	-0.03	-0.05	-0.07	
P09411_192-243	0.60	0.59	0.58	0.56	0.53	0.50	0.46	0.42	0.38	0.34	0.29	0.24	0.19	0.15	0.11	0.07	0.03	-0.00	-0.03	-0.05	-0.07	-0.08	-0.09	-0.09	-0.09	-0.08	-0.07	-0.06	-0.04	-0.02	-0.01	0.01	0.03	0.05	0.07	0.08	0.10	0.11	0.11	0.12	0.12	0.11	0.11	0.10	0.09	0.08	0.06	0.05	0.03	0.01	-0.00	-0.02	
P09411_192-243	1.36	1.34	1.29	1.23	1.14	1.04	0.92	0.80	0.66	0.52	0.39	0.25	0.13	0.01	-0.10	-0.19	-0.26	-0.32	-0.36	-0.38	-0.39	-0.38	-0.36	-0.33	-0.29	-0.24	-0.19	-0.13	-0.08	-0.03	0.02	0.05	0.08	0.10	0.11	0.11	0.10	0.09	0.06	0.03	-0.00	-0.04	-0.07	-0.11	-0.14	-0.17	-0.19	-0.21	-0.21	-0.21	-0.21	-0.19	
P09411_192-243	1.44	1.42	1.38	1.31	1.23	1.14	1.02	0.90	0.77	0.64	0.50	0.37	0.24	0.12	0.01	-0.09	-0.18	-0.25	-0.30	-0.34	-0.36	-0.37	-0.36	-0.34	-0.31	-0.27	-0.22	-0.17	-0.12	-0.07	-0.02	0.03	0.07	0.10	0.13	0.14	0.15	0.15	0.14	0.13	0.11	0.08	0.05	0.02	-0.01	-0.04	-0.07	-0.10	-0.12	-0.14	-0.15	-0.15	
P09411_201-252	1.45	1.43	1.38	1.32	1.24	1.14	1.02	0.90	0.77	0.63	0.49	0.36	0.23	0.11	0.00	-0.09	-0.17	-0.23	-0.28	-0.31	-0.32	-0.32	-0.31	-0.28	-0.25	-0.20	-0.16	-0.11	-0.06	-0.01	0.03	0.07	0.10	0.12	0.14	0.14	0.13	0.12	0.10	0.08	0.05	0.01	-0.02	-0.05	-0.09	-0.12	-0.14	-0.16	-0.17	-0.18	-0.18	-0.17	
P09411_201-252	1.36	1.34	1.30	1.24	1.16	1.07	0.96	0.84	0.72	0.59	0.46	0.33	0.21	0.10	-0.01	-0.09	-0.17	-0.23	-0.27	-0.30	-0.32	-0.32	-0.30	-0.28	-0.25	-0.21	-0.16	-0.11	-0.07	-0.02	0.02	0.06	0.09	0.11	0.12	0.13	0.12	0.11	0.10	0.07	0.05	0.02	-0.01	-0.04	-0.07	-0.10	-0.12	-0.14	-0.15	-0.16	-0.16	-0.15	
P09411_201-252	1.08	1.06	1.03	0.98	0.91	0.83	0.73	0.63	0.53	0.42	0.31	0.20	0.09	-0.00	-0.09	-0.16	-0.23	-0.28	-0.31	-0.34	-0.35	-0.34	-0.33	-0.30	-0.27	-0.23	-0.18	-0.14	-0.09	-0.05	-0.00	0.03	0.06	0.09	0.10	0.11	0.11	0.11	0.10	0.08	0.05	0.03	-0.00	-0.03	-0.06	-0.09	-0.11	-0.13	-0.15	-0.16	-0.17	-0.17	
P09411_201-252	1.28	1.26	1.21	1.15	1.07	0.98	0.87	0.75	0.62	0.49	0.36	0.24	0.11	0.00	-0.10	-0.19	-0.27	-0.32	-0.37	-0.39	-0.40	-0.40	-0.38	-0.35	-0.31	-0.27	-0.22	-0.16	-0.11	-0.06	-0.01	0.03	0.06	0.09	0.11	0.11	0.11	0.10	0.09	0.06	0.03	0.00	-0.03	-0.07	-0.10	-0.14	-0.16	-0.19	-0.20	-0.22	-0.22	-0.22	
P09411_201-252	1.12	1.11	1.07	1.03	0.97	0.89	0.81	0.72	0.62	0.52	0.41	0.31	0.21	0.12	0.04	-0.03	-0.10	-0.15	-0.19	-0.22	-0.23	-0.24	-0.23	-0.22	-0.19	-0.16	-0.13	-0.09	-0.05	-0.01	0.02	0.06	0.09	0.11	0.13	0.14	0.14	0.14	0.13	0.12	0.10	0.08	0.06	0.04	0.01	-0.01	-0.04	-0.06	-0.08	-0.09	-0.10	-0.11	
P09411_201-252	1.05	1.04	1.01	0.96	0.90	0.83	0.75	0.66	0.57	0.47	0.38	0.28	0.19	0.10	0.02	-0.05	-0.11	-0.16	-0.20	-0.22	-0.24	-0.24	-0.24	-0.22	-0.20	-0.17	-0.14	-0.11	-0.07	-0.04	-0.00	0.03	0.06	0.08	0.10	0.11	0.11	0.11	0.11	0.10	0.09	0.07	0.05	0.03	0.01	-0.00	-0.02	-0.03	-0.05	-0.05	-0.06	-0.06	
P09411_201-252	1.01	1.00	0.97	0.93	0.88	0.81	0.74	0.66	0.57	0.48	0.39	0.30	0.21	0.13	0.06	-0.01	-0.07	-0.12	-0.16	-0.20	-0.22	-0.23	-0.23	-0.22	-0.21	-0.19	-0.17	-0.15	-0.12	-0.09	-0.06	-0.04	-0.02	0.00	0.02	0.03	0.04	0.04	0.04	0.04	0.03	0.02	0.02	0.01	-0.00	-0.01	-0.02	-0.02	-0.03	-0.03	-0.02	-0.02	
P09411_201-252	0.50	0.50	0.49	0.47	0.45	0.42	0.40	0.36	0.33	0.29	0.26	0.22	0.18	0.14	0.11	0.08	0.05	0.02	-0.01	-0.03	-0.04	-0.06	-0.07	-0.07	-0.08	-0.08	-0.08	-0.08	-0.07	-0.06	-0.06	-0.05	-0.04	-0.03	-0.02	-0.02	-0.01	-0.00	0.00	0.01	0.02	0.02	0.02	0.03	0.03	0.04	0.04	0.04	0.05	0.05	0.05	0.06	
P09411_201-252	1.41	1.39	1.34	1.28	1.19	1.09	0.97	0.85	0.71	0.57	0.44	0.30	0.17	0.05	-0.06	-0.16	-0.24	-0.30	-0.34	-0.37	-0.38	-0.38	-0.36	-0.33	-0.28	-0.23	-0.18	-0.12	-0.06	-0.00	0.05	0.10	0.13	0.16	0.18	0.19	0.19	0.18	0.16	0.13	0.10	0.06	0.01	-0.03	-0.08	-0.12	-0.16	-0.19	-0.22	-0.25	-0.26	-0.27	
P09411_201-252	1.42	1.40	1.35	1.29	1.22	1.12	1.01	0.90	0.77	0.64	0.51	0.38	0.26	0.14	0.03	-0.06	-0.15	-0.22	-0.27	-0.31	-0.33	-0.34	-0.33	-0.32	-0.29	-0.26	-0.22	-0.17	-0.13	-0.08	-0.04	0.00	0.03	0.06	0.08	0.10	0.10	0.10	0.09	0.08	0.06	0.04	0.01	-0.01	-0.04	-0.06	-0.09	-0.10	-0.12	-0.13	-0.14	-0.14	
P09411_217-268	1.43	1.41	1.37	1.30	1.22	1.12	1.00	0.88	0.75	0.61	0.47	0.34	0.21	0.09	-0.01	-0.10	-0.18	-0.24	-0.28	-0.31	-0.32	-0.32	-0.30	-0.27	-0.23	-0.18	-0.13	-0.08	-0.02	0.03	0.07	0.11	0.15	0.17	0.19	0.19	0.19	0.17	0.15	0.13	0.10	0.06	0.03	-0.01	-0.04	-0.08	-0.10	-0.12	-0.14	-0.15	-0.15	-0.14	
P09411_217-268	1.36	1.34	1.30	1.24	1.16	1.06	0.95	0.83	0.71	0.58	0.45	0.32	0.20	0.09	-0.01	-0.10	-0.17	-0.23	-0.27	-0.29	-0.30	-0.30	-0.28	-0.25	-0.21	-0.17	-0.12	-0.07	-0.02	0.03	0.07	0.11	0.14	0.16	0.17	0.18	0.17	0.16	0.14	0.11	0.08	0.04	0.01	-0.03	-0.06	-0.09	-0.12	-0.14	-0.15	-0.16	-0.16	-0.15	
P09411_217-268	1.11	1.10	1.07	1.02	0.96	0.88	0.80	0.71	0.61	0.51	0.41	0.31	0.21	0.12	0.03	-0.04	-0.10	-0.16	-0.20	-0.23	-0.24	-0.25	-0.25	-0.23	-0.21	-0.19	-0.16	-0.12	-0.09	-0.05	-0.02	0.01	0.03	0.05	0.07	0.08	0.08	0.08	0.07	0.07	0.05	0.04	0.02	0.00	-0.01	-0.03	-0.04	-0.05	-0.06	-0.07	-0.07	-0.06	
P09411_217-268	1.29	1.27	1.23	1.18	1.11	1.03	0.93	0.83	0.72	0.60	0.49	0.37	0.26	0.16	0.06	-0.03	-0.10	-0.16	-0.21	-0.25	-0.27	-0.28	-0.28	-0.26	-0.24	-0.22	-0.18	-0.15	-0.11	-0.07	-0.03	0.00	0.03	0.05	0.07	0.09	0.10	0.10	0.09	0.09	0.07	0.06	0.04	0.03	0.01	-0.01	-0.02	-0.03	-0.04	-0.05	-0.05	-0.05	
P09411_217-268	1.13	1.11	1.08	1.02	0.95	0.87	0.78	0.67	0.57	0.45	0.34	0.23	0.13	0.03	-0.06	-0.14	-0.20	-0.25	-0.29	-0.31	-0.32	-0.32	-0.30	-0.27	-0.24	-0.20	-0.16	-0.11	-0.06	-0.02	0.02	0.06	0.09	0.11	0.13	0.14	0.13	0.13	0.11	0.09	0.06	0.03	0.00	-0.03	-0.07	-0.10	-0.12	-0.15	-0.17	-0.18	-0.19	-0.19	
P09411_217-268	1.07	1.05	1.02	0.97	0.91	0.84	0.75	0.66	0.56	0.46	0.35	0.25	0.15	0.06	-0.02	-0.09	-0.16	-0.21	-0.24	-0.27	-0.28	-0.28	-0.27	-0.25	-0.22	-0.19	-0.15	-0.10	-0.06	-0.02	0.02	0.06	0.09	0.11	0.13	0.14	0.15	0.14	0.13	0.11	0.09	0.06	0.03	0.00	-0.03	-0.06	-0.09	-0.12	-0.15	-0.17	-0.18	-0.19	
P09411_217-268	1.12	1.10	1.06	1.01	0.94	0.86	0.76	0.66	0.55	0.44	0.33	0.22	0.12	0.03	-0.05	-0.12	-0.18	-0.22	-0.25	-0.26	-0.26	-0.24	-0.22	-0.18	-0.14	-0.09	-0.04	0.02	0.07	0.11	0.15	0.19	0.21	0.23	0.24	0.24	0.23	0.21	0.18	0.14	0.11	0.06	0.02	-0.03	-0.07	-0.11	-0.15	-0.18	-0.20	-0.22	-0.23	-0.23	
P09411_217-268	0.63	0.62	0.60	0.56	0.51	0.46	0.39	0.33	0.26	0.19	0.12	0.05	-0.01	-0.06	-0.10	-0.13	-0.16	-0.17	-0.17	-0.16	-0.14	-0.12	-0.08	-0.05	-0.00	0.04	0.08	0.12	0.16	0.19	0.22	0.23	0.24	0.24	0.23	0.22	0.20	0.17	0.13	0.09	0.05	0.01	-0.04	-0.08	-0.11	-0.14	-0.17	-0.19	-0.20	-0.21	-0.21	-0.20	
P09411_217-268	1.33	1.31	1.28	1.22	1.15	1.06	0.97	0.86	0.75	0.63	0.51	0.39	0.27	0.16	0.06	-0.03	-0.11	-0.18	-0.24	-0.28	-0.30	-0.32	-0.32	-0.31	-0.30	-0.27	-0.24	-0.20	-0.17	-0.13	-0.09	-0.05	-0.02	0.00	0.03	0.04	0.05	0.06	0.06	0.06	0.05	0.03	0.02	0.01	-0.01	-0.02	-0.04	-0.05	-0.05	-0.06	-0.06	-0.05	
P09411_217-268	1.46	1.44	1.39	1.32	1.24	1.13	1.01	0.88	0.74	0.60	0.46	0.32	0.19	0.07	-0.04	-0.14	-0.22	-0.28	-0.32	-0.34	-0.35	-0.34	-0.32	-0.28	-0.24	-0.19	-0.13	-0.07	-0.01	0.05	0.10	0.14	0.17	0.20	0.21	0.21	0.21	0.19	0.16	0.13	0.09	0.05	-0.00	-0.05	-0.09	-0.13	-0.17	-0.20	-0.22	-0.23	-0.24	-0.24	
P09411_226-277	1.45	1.43	1.38	1.31	1.23	1.12	1.00	0.87	0.74	0.60	0.45	0.32	0.18	0.06	-0.05	-0.15	-0.23	-0.29	-0.34	-0.36	-0.37	-0.37	-0.35	-0.31	-0.27	-0.22	-0.16	-0.10	-0.04	0.02	0.07	0.12	0.16	0.19	0.21	0.22	0.22	0.21	0.19	0.16	0.13	0.09	0.04	0.00	-0.04	-0.08	-0.12	-0.15	-0.17	-0.19	-0.20	-0.20	
P09411_226-277	1.37	1.35	1.31	1.24	1.16	1.07	0.96	0.83	0.70	0.57	0.44	0.31	0.18	0.07	-0.04	-0.13	-0.21	-0.27	-0.31	-0.34	-0.35	-0.35	-0.33	-0.30	-0.25	-0.20	-0.15	-0.09	-0.03	0.02	0.07	0.12	0.16	0.19	0.21	0.22	0.22	0.22	0.20	0.17	0.14	0.10	0.06	0.02	-0.02	-0.06	-0.10	-0.13	-0.16	-0.18	-0.19	-0.20	
P09411_226-277	1.03	1.02	0.99	0.95	0.90	0.83	0.76	0.68	0.60	0.51	0.42	0.33	0.24	0.16	0.08	0.01	-0.05	-0.10	-0.15	-0.18	-0.20	-0.21	-0.22	-0.21	-0.20	-0.18	-0.16	-0.13	-0.11	-0.08	-0.05	-0.02	0.00	0.02	0.04	0.05	0.05	0.05	0.05	0.04	0.03	0.01	-0.01	-0.03	-0.05	-0.07	-0.09	-0.10	-0.12	-0.13	-0.14	-0.14	
P09411_226-277	1.19	1.17	1.14	1.09	1.03	0.96	0.88	0.78	0.68	0.58	0.48	0.38	0.28	0.18	0.09	0.01	-0.06	-0.12	-0.16	-0.20	-0.22	-0.24	-0.24	-0.24	-0.22	-0.20	-0.18	-0.15	-0.12	-0.09	-0.06	-0.03	-0.01	0.01	0.02	0.03	0.04	0.03	0.03	0.02	0.00	-0.02	-0.04	-0.06	-0.08	-0.10	-0.12	-0.13	-0.14	-0.15	-0.15	-0.15	
P09411_226-277	1.20	1.18	1.14	1.08	1.01	0.92	0.82	0.71	0.59	0.47	0.35	0.24	0.13	0.03	-0.07	-0.14	-0.21	-0.26	-0.29	-0.31	-0.32	-0.31	-0.29	-0.26	-0.22	-0.18	-0.13	-0.08	-0.03	0.02	0.06	0.09	0.12	0.14	0.16	0.16	0.16	0.15	0.13	0.11	0.08	0.05	0.02	-0.01	-0.04	-0.06	-0.08	-0.10	-0.11	-0.12	-0.12	-0.11	
P09411_226-277	1.13	1.12	1.08	1.02	0.95	0.87	0.78	0.67	0.56	0.45	0.34	0.23	0.13	0.03	-0.06	-0.13	-0.19	-0.24	-0.27	-0.29	-0.29	-0.29	-0.27	-0.24	-0.20	-0.16	-0.12	-0.07	-0.03	0.02	0.05	0.09	0.11	0.13	0.15	0.15	0.15	0.14	0.13	0.11	0.09	0.06	0.04	0.01	-0.01	-0.03	-0.05	-0.06	-0.07	-0.07	-0.07	-0.06	
P09411_226-277	1.18	1.16	1.12	1.06	0.98	0.88	0.77	0.66	0.53	0.41	0.28	0.16	0.05	-0.05	-0.15	-0.22	-0.29	-0.33	-0.36	-0.37	-0.37	-0.35	-0.31	-0.27	-0.22	-0.16	-0.10	-0.04	0.02	0.08	0.13	0.18	0.21	0.24	0.26	0.26	0.26	0.25	0.23	0.20	0.17	0.14	0.10	0.07	0.03	-0.00	-0.03	-0.05	-0.07	-0.08	-0.08	-0.08	
P09411_226-277	0.69	0.68	0.65	0.61	0.56	0.49	0.42	0.35	0.26	0.18	0.10	0.02	-0.05	-0.12	-0.18	-0.23	-0.26	-0.29	-0.30	-0.30	-0.29	-0.27	-0.23	-0.19	-0.15	-0.10	-0.04	0.01	0.06	0.11	0.16	0.20	0.23	0.26	0.28	0.29	0.29	0.28	0.27	0.25	0.22	0.19	0.16	0.13	0.09	0.06	0.03	0.00	-0.02	-0.04	-0.06	-0.06	
P09411_226-277	1.26	1.24	1.21	1.16	1.10	1.02	0.94	0.85	0.74	0.64	0.53	0.43	0.32	0.22	0.13	0.04	-0.03	-0.10	-0.15	-0.19	-0.22	-0.24	-0.25	-0.25	-0.24	-0.22	-0.20	-0.17	-0.14	-0.11	-0.08	-0.05	-0.02	-0.00	0.02	0.03	0.04	0.04	0.03	0.02	0.00	-0.01	-0.04	-0.06	-0.09	-0.11	-0.14	-0.16	-0.18	-0.19	-0.20	-0.21	
P09411_226-277	1.52	1.50	1.45	1.37	1.28	1.16	1.03	0.89	0.74	0.58	0.43	0.28	0.14	0.01	-0.11	-0.21	-0.29	-0.35	-0.39	-0.41	-0.41	-0.40	-0.37	-0.32	-0.27	-0.21	-0.14	-0.07	-0.00	0.06	0.12	0.17	0.21	0.24	0.25	0.26	0.25	0.24	0.21	0.18	0.14	0.10	0.05	0.01	-0.04	-0.07	-0.11	-0.13	-0.15	-0.17	-0.17	-0.17	
P09411_242-293	1.43	1.41	1.37	1.31	1.22	1.12	1.01	0.89	0.76	0.63	0.49	0.36	0.23	0.11	0.00	-0.09	-0.17	-0.24	-0.29	-0.32	-0.34	-0.34	-0.33	-0.31	-0.28	-0.24	-0.20	-0.15	-0.11	-0.06	-0.02	0.02	0.05	0.08	0.10	0.11	0.11	0.10	0.09	0.08	0.06	0.03	0.01	-0.01	-0.03	-0.05	-0.07	-0.08	-0.09	-0.09	-0.08	-0.07	
P09411_242-293	1.36	1.34	1.29	1.23	1.16	1.06	0.96	0.84	0.71	0.59	0.46	0.33	0.21	0.10	-0.01	-0.10	-0.18	-0.24	-0.29	-0.32	-0.34	-0.34	-0.34	-0.32	-0.29	-0.25	-0.21	-0.16	-0.12	-0.08	-0.03	0.00	0.03	0.06	0.08	0.09	0.09	0.09	0.08	0.06	0.05	0.02	0.00	-0.02	-0.04	-0.06	-0.07	-0.08	-0.09	-0.09	-0.08	-0.07	
P09411_242-293	1.10	1.08	1.05	1.00	0.93	0.85	0.76	0.67	0.56	0.46	0.35	0.25	0.15	0.06	-0.02	-0.09	-0.15	-0.19	-0.22	-0.24	-0.24	-0.23	-0.21	-0.18	-0.14	-0.10	-0.06	-0.01	0.04	0.08	0.12	0.16	0.19	0.21	0.22	0.22	0.22	0.21	0.19	0.16	0.13	0.10	0.06	0.03	-0.01	-0.04	-0.07	-0.10	-0.12	-0.13	-0.14	-0.14	
P09411_242-293	1.26	1.24	1.20	1.14	1.06	0.97	0.87	0.76	0.64	0.52	0.40	0.29	0.18	0.07	-0.02	-0.09	-0.16	-0.21	-0.24	-0.26	-0.26	-0.25	-0.22	-0.19	-0.14	-0.09	-0.04	0.01	0.07	0.12	0.17	0.21	0.24	0.26	0.27	0.28	0.27	0.25	0.23	0.20	0.16	0.12	0.08	0.04	-0.00	-0.04	-0.08	-0.11	-0.13	-0.15	-0.16	-0.16	
P09411_242-293	1.13	1.11	1.08	1.03	0.97	0.90	0.81	0.72	0.62	0.51	0.41	0.30	0.20	0.11	0.02	-0.06	-0.13	-0.19	-0.23	-0.27	-0.29	-0.30	-0.30	-0.29	-0.27	-0.24	-0.21	-0.18	-0.14	-0.11	-0.07	-0.04	-0.01	0.01	0.03	0.05	0.06	0.06	0.06	0.05	0.04	0.03	0.01	-0.01	-0.03	-0.05	-0.06	-0.08	-0.09	-0.11	-0.11	-0.12	
P09411_242-293	1.07	1.05	1.02	0.98	0.92	0.85	0.76	0.67	0.58	0.48	0.38	0.28	0.18	0.09	0.01	-0.07	-0.13	-0.18	-0.22	-0.25	-0.27	-0.28	-0.28	-0.27	-0.25	-0.22	-0.19	-0.16	-0.12	-0.08	-0.05	-0.02	0.01	0.03	0.05	0.06	0.07	0.07	0.06	0.05	0.03	0.01	-0.01	-0.03	-0.05	-0.08	-0.10	-0.12	-0.14	-0.15	-0.16	-0.17	
P09411_242-293	1.15	1.13	1.10	1.05	0.98	0.91	0.82	0.72	0.61	0.50	0.39	0.29	0.18	0.08	-0.01	-0.10	-0.17	-0.23	-0.28	-0.31	-0.34	-0.35	-0.35	-0.34	-0.32	-0.30	-0.27	-0.23	-0.19	-0.16	-0.12	-0.09	-0.06	-0.03	-0.01	0.01	0.02	0.02	0.02	0.01	0.00	-0.01	-0.02	-0.04	-0.06	-0.07	-0.09	-0.10	-0.11	-0.11	-0.12	-0.12	
P09411_242-293	0.75	0.74	0.72	0.68	0.64	0.58	0.52	0.45	0.38	0.30	0.23	0.15	0.08	0.01	-0.06	-0.11	-0.16	-0.21	-0.24	-0.26	-0.28	-0.29	-0.29	-0.29	-0.27	-0.26	-0.24	-0.22	-0.19	-0.17	-0.15	-0.12	-0.10	-0.09	-0.07	-0.06	-0.05	-0.05	-0.04	-0.04	-0.04	-0.05	-0.05	-0.05	-0.05	-0.06	-0.06	-0.05	-0.05	-0.04	-0.03	-0.02	
P09411_242-293	1.28	1.26	1.22	1.17	1.09	1.00	0.89	0.78	0.66	0.54	0.42	0.30	0.18	0.08	-0.02	-0.10	-0.16	-0.22	-0.25	-0.27	-0.28	-0.27	-0.24	-0.21	-0.17	-0.12	-0.07	-0.02	0.04	0.09	0.13	0.17	0.20	0.23	0.24	0.24	0.24	0.22	0.20	0.17	0.14	0.10	0.06	0.02	-0.02	-0.06	-0.09	-0.12	-0.14	-0.15	-0.16	-0.16	
P09411_242-293	1.45	1.42	1.38	1.32	1.24	1.14	1.02	0.90	0.77	0.63	0.49	0.35	0.22	0.10	-0.02	-0.13	-0.22	-0.29	-0.35	-0.40	-0.43	-0.44	-0.44	-0.42	-0.40	-0.36	-0.32	-0.28	-0.23	-0.18	-0.13	-0.08	-0.04	-0.00	0.03	0.05	0.06	0.07	0.07	0.06	0.05	0.03	0.01	-0.01	-0.04	-0.06	-0.08	-0.10	-0.12	-0.14	-0.14	-0.15	
P09411_251-302	1.48	1.46	1.41	1.34	1.25	1.15	1.03	0.90	0.76	0.62	0.48	0.34	0.21	0.09	-0.02	-0.12	-0.19	-0.26	-0.30	-0.33	-0.34	-0.33	-0.31	-0.28	-0.24	-0.19	-0.14	-0.09	-0.03	0.02	0.06	0.10	0.13	0.14	0.15	0.15	0.14	0.12	0.09	0.06	0.02	-0.02	-0.07	-0.11	-0.15	-0.19	-0.22	-0.24	-0.26	-0.27	-0.27	-0.26	
P09411_251-302	1.41	1.39	1.34	1.28	1.20	1.10	0.99	0.87	0.74	0.61	0.47	0.34	0.22	0.11	0.00	-0.09	-0.17	-0.23	-0.27	-0.30	-0.31	-0.31	-0.29	-0.26	-0.23	-0.18	-0.14	-0.09	-0.04	0.01	0.05	0.08	0.11	0.13	0.14	0.14	0.13	0.11	0.09	0.06	0.02	-0.01	-0.05	-0.09	-0.13	-0.16	-0.19	-0.22	-0.23	-0.24	-0.24	-0.24	
P09411_251-302	0.98	0.97	0.94	0.90	0.85	0.78	0.71	0.63	0.55	0.46	0.37	0.28	0.19	0.11	0.04	-0.03	-0.09	-0.15	-0.19	-0.22	-0.24	-0.25	-0.25	-0.25	-0.23	-0.21	-0.18	-0.15	-0.12	-0.09	-0.05	-0.02	0.02	0.04	0.07	0.09	0.11	0.12	0.13	0.13	0.13	0.12	0.11	0.10	0.09	0.07	0.06	0.04	0.03	0.01	-0.00	-0.01	
P09411_251-302	1.12	1.11	1.07	1.02	0.96	0.88	0.80	0.70	0.60	0.49	0.39	0.28	0.18	0.08	-0.01	-0.09	-0.16	-0.21	-0.26	-0.29	-0.31	-0.31	-0.31	-0.29	-0.27	-0.24	-0.20	-0.16	-0.12	-0.08	-0.03	0.01	0.04	0.08	0.10	0.12	0.14	0.15	0.15	0.15	0.14	0.13	0.11	0.09	0.08	0.06	0.04	0.02	0.00	-0.01	-0.02	-0.03	
P09411_251-302	1.19	1.17	1.13	1.08	1.01	0.92	0.83	0.73	0.62	0.50	0.39	0.28	0.17	0.08	-0.01	-0.09	-0.16	-0.21	-0.24	-0.27	-0.28	-0.28	-0.26	-0.24	-0.21	-0.17	-0.13	-0.09	-0.05	-0.01	0.03	0.06	0.08	0.10	0.11	0.11	0.10	0.09	0.07	0.05	0.02	-0.01	-0.05	-0.08	-0.11	-0.14	-0.16	-0.18	-0.19	-0.19	-0.19	-0.18	
P09411_251-302	1.13	1.11	1.07	1.02	0.96	0.88	0.79	0.69	0.58	0.47	0.36	0.26	0.16	0.06	-0.03	-0.10	-0.16	-0.21	-0.25	-0.27	-0.28	-0.28	-0.27	-0.24	-0.21	-0.17	-0.13	-0.09	-0.04	-0.00	0.04	0.07	0.10	0.12	0.13	0.14	0.14	0.13	0.12	0.09	0.07	0.04	0.01	-0.02	-0.05	-0.08	-0.11	-0.13	-0.14	-0.15	-0.16	-0.16	
P09411_251-302	1.30	1.28	1.24	1.18	1.10	1.00	0.90	0.78	0.66	0.53	0.40	0.28	0.16	0.05	-0.05	-0.14	-0.21	-0.26	-0.30	-0.32	-0.33	-0.32	-0.30	-0.27	-0.23	-0.18	-0.13	-0.08	-0.03	0.02	0.06	0.10	0.13	0.15	0.16	0.16	0.15	0.13	0.10	0.07	0.03	-0.02	-0.06	-0.11	-0.15	-0.19	-0.22	-0.25	-0.26	-0.28	-0.28	-0.27	
P09411_251-302	0.85	0.84	0.82	0.78	0.73	0.68	0.62	0.55	0.47	0.40	0.32	0.24	0.17	0.10	0.03	-0.02	-0.07	-0.12	-0.15	-0.17	-0.19	-0.20	-0.19	-0.19	-0.17	-0.15	-0.13	-0.10	-0.07	-0.05	-0.02	0.00	0.02	0.04	0.05	0.05	0.05	0.04	0.03	0.02	-0.00	-0.03	-0.05	-0.08	-0.11	-0.14	-0.16	-0.18	-0.20	-0.22	-0.23	-0.24	
P09411_251-302	1.17	1.16	1.12	1.07	1.01	0.93	0.84	0.74	0.64	0.53	0.42	0.31	0.21	0.11	0.02	-0.06	-0.13	-0.18	-0.23	-0.26	-0.28	-0.29	-0.28	-0.27	-0.25	-0.22	-0.18	-0.14	-0.10	-0.06	-0.02	0.01	0.05	0.08	0.10	0.12	0.13	0.14	0.14	0.13	0.13	0.11	0.10	0.08	0.06	0.05	0.03	0.01	-0.00	-0.01	-0.02	-0.03	
P09411_251-302	1.65	1.63	1.57	1.49	1.39	1.26	1.12	0.97	0.81	0.64	0.47	0.31	0.16	0.02	-0.11	-0.21	-0.30	-0.36	-0.41	-0.43	-0.43	-0.42	-0.39	-0.34	-0.28	-0.22	-0.15	-0.08	-0.02	0.05	0.10	0.14	0.18	0.20	0.20	0.20	0.18	0.15	0.11	0.06	0.01	-0.04	-0.10	-0.15	-0.20	-0.24	-0.28	-0.30	-0.32	-0.32	-0.32	-0.30	
P09411_267-318	1.31	1.29	1.26	1.21	1.14	1.06	0.97	0.87	0.76	0.65	0.53	0.42	0.31	0.20	0.11	0.02	-0.06	-0.13	-0.18	-0.23	-0.25	-0.27	-0.28	-0.27	-0.25	-0.23	-0.20	-0.16	-0.12	-0.08	-0.05	-0.01	0.03	0.06	0.09	0.11	0.12	0.13	0.14	0.13	0.13	0.12	0.10	0.09	0.07	0.05	0.03	0.02	0.00	-0.01	-0.01	-0.02	
P09411_267-318	1.23	1.21	1.18	1.13	1.07	1.00	0.92	0.82	0.72	0.62	0.52	0.41	0.31	0.21	0.12	0.04	-0.04	-0.10	-0.15	-0.19	-0.22	-0.24	-0.25	-0.25	-0.23	-0.21	-0.19	-0.16	-0.12	-0.09	-0.05	-0.02	0.02	0.05	0.07	0.09	0.11	0.12	0.12	0.12	0.12	0.11	0.10	0.08	0.07	0.05	0.04	0.02	0.01	-0.01	-0.02	-0.02	
P09411_267-318	0.96	0.95	0.92	0.88	0.83	0.76	0.69	0.61	0.52	0.44	0.35	0.26	0.18	0.10	0.02	-0.04	-0.10	-0.14	-0.18	-0.20	-0.22	-0.22	-0.22	-0.21	-0.19	-0.17	-0.14	-0.11	-0.08	-0.05	-0.02	0.00	0.02	0.04	0.05	0.05	0.05	0.04	0.03	0.01	-0.01	-0.03	-0.05	-0.08	-0.11	-0.13	-0.15	-0.17	-0.19	-0.20	-0.21	-0.21	
P09411_267-318	1.14	1.13	1.09	1.04	0.98	0.90	0.81	0.71	0.61	0.50	0.39	0.28	0.18	0.08	-0.00	-0.08	-0.15	-0.20	-0.24	-0.27	-0.29	-0.29	-0.28	-0.27	-0.24	-0.21	-0.18	-0.14	-0.10	-0.06	-0.03	0.01	0.03	0.05	0.07	0.07	0.07	0.06	0.05	0.03	0.01	-0.02	-0.05	-0.08	-0.11	-0.14	-0.17	-0.19	-0.21	-0.23	-0.24	-0.24	
P09411_267-318	1.27	1.24	1.20	1.14	1.06	0.97	0.86	0.74	0.62	0.50	0.37	0.25	0.13	0.03	-0.07	-0.15	-0.22	-0.27	-0.30	-0.32	-0.32	-0.30	-0.28	-0.24	-0.20	-0.15	-0.09	-0.04	0.02	0.07	0.11	0.15	0.18	0.20	0.21	0.22	0.21	0.20	0.18	0.15	0.12	0.08	0.05	0.01	-0.02	-0.05	-0.07	-0.09	-0.11	-0.11	-0.11	-0.11	
P09411_267-318	1.28	1.26	1.22	1.15	1.07	0.97	0.85	0.73	0.60	0.47	0.34	0.21	0.09	-0.02	-0.12	-0.20	-0.27	-0.31	-0.35	-0.36	-0.36	-0.34	-0.31	-0.26	-0.21	-0.16	-0.10	-0.04	0.02	0.08	0.12	0.16	0.19	0.21	0.22	0.22	0.21	0.19	0.17	0.13	0.09	0.05	0.01	-0.03	-0.06	-0.09	-0.12	-0.14	-0.15	-0.16	-0.15	-0.14	
P09411_267-318	1.20	1.19	1.15	1.11	1.04	0.97	0.88	0.79	0.69	0.58	0.47	0.37	0.27	0.17	0.08	-0.00	-0.07	-0.13	-0.18	-0.22	-0.24	-0.26	-0.26	-0.25	-0.24	-0.22	-0.19	-0.16	-0.13	-0.09	-0.06	-0.02	0.01	0.03	0.06	0.07	0.09	0.10	0.10	0.10	0.10	0.10	0.09	0.08	0.08	0.07	0.06	0.06	0.05	0.05	0.05	0.05	
P09411_267-318	0.63	0.62	0.61	0.59	0.57	0.55	0.52	0.48	0.45	0.41	0.37	0.33	0.29	0.25	0.21	0.17	0.14	0.10	0.07	0.05	0.02	-0.00	-0.02	-0.03	-0.05	-0.06	-0.06	-0.07	-0.07	-0.07	-0.07	-0.07	-0.07	-0.06	-0.06	-0.05	-0.05	-0.04	-0.03	-0.02	-0.01	-0.00	0.01	0.02	0.03	0.04	0.06	0.07	0.09	0.10	0.11	0.13	
P09411_267-318	1.24	1.22	1.18	1.12	1.05	0.95	0.85	0.74	0.62	0.49	0.37	0.25	0.13	0.02	-0.07	-0.15	-0.22	-0.28	-0.31	-0.34	-0.34	-0.33	-0.31	-0.28	-0.24	-0.20	-0.15	-0.09	-0.04	0.01	0.05	0.09	0.12	0.15	0.16	0.16	0.15	0.14	0.11	0.08	0.04	0.00	-0.04	-0.09	-0.13	-0.17	-0.21	-0.24	-0.27	-0.29	-0.30	-0.30	
P09411_267-318	1.71	1.68	1.63	1.55	1.45	1.32	1.18	1.03	0.87	0.70	0.53	0.37	0.21	0.07	-0.07	-0.18	-0.28	-0.36	-0.42	-0.45	-0.47	-0.47	-0.45	-0.42	-0.37	-0.31	-0.25	-0.18	-0.11	-0.04	0.03	0.09	0.14	0.18	0.21	0.23	0.25	0.25	0.24	0.22	0.20	0.17	0.14	0.11	0.08	0.05	0.02	-0.01	-0.03	-0.04	-0.05	-0.05	
P09411_276-327	1.32	1.30	1.25	1.19	1.11	1.02	0.91	0.79	0.66	0.53	0.41	0.28	0.16	0.05	-0.05	-0.13	-0.20	-0.25	-0.29	-0.31	-0.32	-0.31	-0.29	-0.27	-0.23	-0.19	-0.14	-0.10	-0.05	-0.01	0.02	0.05	0.06	0.07	0.07	0.07	0.05	0.03	-0.00	-0.04	-0.07	-0.11	-0.15	-0.18	-0.21	-0.23	-0.25	-0.26	-0.27	-0.26	-0.25	-0.23	
P09411_276-327	1.23	1.21	1.17	1.11	1.04	0.95	0.85	0.74	0.62	0.50	0.39	0.27	0.16	0.06	-0.03	-0.11	-0.17	-0.22	-0.26	-0.28	-0.29	-0.28	-0.26	-0.24	-0.20	-0.17	-0.13	-0.09	-0.05	-0.01	0.02	0.04	0.06	0.07	0.07	0.06	0.04	0.02	-0.01	-0.04	-0.07	-0.10	-0.14	-0.17	-0.19	-0.22	-0.23	-0.24	-0.24	-0.24	-0.23	-0.21	
P09411_276-327	0.97	0.95	0.93	0.89	0.84	0.78	0.72	0.64	0.57	0.49	0.40	0.32	0.24	0.17	0.10	0.04	-0.02	-0.06	-0.10	-0.12	-0.14	-0.15	-0.14	-0.14	-0.12	-0.10	-0.07	-0.05	-0.02	0.01	0.04	0.07	0.10	0.12	0.13	0.14	0.15	0.15	0.15	0.14	0.13	0.12	0.10	0.08	0.06	0.04	0.02	0.00	-0.01	-0.03	-0.04	-0.05	
P09411_276-327	1.13	1.12	1.09	1.04	0.99	0.92	0.85	0.76	0.67	0.58	0.48	0.39	0.29	0.21	0.13	0.05	-0.01	-0.07	-0.11	-0.15	-0.17	-0.18	-0.19	-0.18	-0.16	-0.14	-0.12	-0.09	-0.05	-0.02	0.01	0.05	0.08	0.10	0.12	0.14	0.15	0.16	0.16	0.16	0.15	0.14	0.12	0.10	0.08	0.06	0.04	0.02	0.00	-0.01	-0.03	-0.04	
P09411_276-327	1.25	1.23	1.19	1.13	1.05	0.96	0.85	0.73	0.61	0.49	0.36	0.23	0.12	0.01	-0.09	-0.18	-0.25	-0.31	-0.35	-0.37	-0.38	-0.38	-0.36	-0.33	-0.29	-0.24	-0.19	-0.13	-0.08	-0.03	0.02	0.07	0.10	0.13	0.15	0.16	0.17	0.16	0.14	0.12	0.10	0.06	0.03	-0.00	-0.04	-0.07	-0.10	-0.12	-0.14	-0.16	-0.16	-0.16	
P09411_276-327	1.27	1.25	1.21	1.15	1.07	0.98	0.88	0.76	0.64	0.51	0.38	0.26	0.13	0.02	-0.08	-0.17	-0.25	-0.31	-0.35	-0.38	-0.40	-0.40	-0.38	-0.35	-0.31	-0.27	-0.21	-0.16	-0.10	-0.04	0.01	0.06	0.11	0.14	0.17	0.19	0.20	0.20	0.19	0.18	0.15	0.12	0.09	0.05	0.01	-0.02	-0.06	-0.09	-0.12	-0.14	-0.16	-0.17	
P09411_276-327	1.23	1.21	1.17	1.11	1.03	0.94	0.84	0.73	0.61	0.49	0.37	0.25	0.14	0.04	-0.05	-0.13	-0.19	-0.24	-0.28	-0.30	-0.30	-0.29	-0.28	-0.25	-0.21	-0.17	-0.13	-0.09	-0.05	-0.01	0.02	0.05	0.06	0.07	0.07	0.06	0.04	0.01	-0.02	-0.06	-0.09	-0.13	-0.17	-0.21	-0.24	-0.27	-0.29	-0.30	-0.30	-0.30	-0.28	-0.26	
P09411_276-327	0.63	0.62	0.60	0.56	0.52	0.47	0.41	0.35	0.29	0.22	0.16	0.10	0.04	-0.00	-0.04	-0.08	-0.10	-0.11	-0.12	-0.11	-0.10	-0.08	-0.06	-0.03	-0.01	0.02	0.05	0.07	0.09	0.11	0.12	0.12	0.11	0.09	0.07	0.04	0.01	-0.03	-0.07	-0.12	-0.16	-0.21	-0.25	-0.28	-0.31	-0.34	-0.35	-0.36	-0.36	-0.36	-0.34	-0.32	
P09411_276-327	1.22	1.20	1.17	1.12	1.05	0.98	0.89	0.80	0.69	0.59	0.48	0.37	0.27	0.17	0.08	-0.01	-0.08	-0.14	-0.19	-0.23	-0.25	-0.26	-0.26	-0.25	-0.23	-0.21	-0.17	-0.13	-0.09	-0.04	-0.00	0.04	0.08	0.12	0.15	0.18	0.19	0.21	0.21	0.22	0.21	0.20	0.19	0.17	0.15	0.12	0.10	0.07	0.05	0.03	0.01	-0.01	
P09411_276-327	1.72	1.69	1.63	1.55	1.45	1.32	1.18	1.02	0.86	0.69	0.52	0.35	0.19	0.04	-0.10	-0.22	-0.32	-0.40	-0.45	-0.49	-0.51	-0.51	-0.49	-0.46	-0.41	-0.36	-0.30	-0.23	-0.17	-0.11	-0.05	0.00	0.04	0.07	0.09	0.10	0.10	0.09	0.07	0.04	0.01	-0.03	-0.07	-0.11	-0.14	-0.18	-0.20	-0.22	-0.23	-0.24	-0.23	-0.22	
P09411_292-343	1.29	1.27	1.24	1.18	1.11	1.03	0.93	0.82	0.71	0.59	0.47	0.35	0.23	0.13	0.03	-0.06	-0.14	-0.21	-0.26	-0.29	-0.31	-0.32	-0.31	-0.30	-0.27	-0.23	-0.19	-0.14	-0.08	-0.03	0.02	0.07	0.12	0.16	0.19	0.22	0.24	0.25	0.25	0.25	0.24	0.22	0.20	0.17	0.14	0.11	0.08	0.05	0.02	-0.01	-0.04	-0.06	
P09411_292-343	1.19	1.17	1.13	1.08	1.02	0.94	0.85	0.75	0.65	0.54	0.43	0.32	0.21	0.12	0.02	-0.06	-0.13	-0.18	-0.23	-0.26	-0.28	-0.28	-0.28	-0.26	-0.23	-0.20	-0.16	-0.12	-0.07	-0.02	0.03	0.07	0.11	0.15	0.18	0.20	0.21	0.22	0.22	0.22	0.21	0.19	0.17	0.14	0.12	0.09	0.06	0.03	0.00	-0.02	-0.05	-0.07	
P09411_292-343	1.00	0.98	0.95	0.90	0.83	0.75	0.66	0.56	0.46	0.35	0.25	0.15	0.05	-0.03	-0.11	-0.17	-0.22	-0.26	-0.28	-0.29	-0.29	-0.27	-0.24	-0.21	-0.17	-0.12	-0.07	-0.03	0.02	0.06	0.09	0.12	0.14	0.15	0.15	0.15	0.13	0.11	0.08	0.05	0.01	-0.02	-0.06	-0.10	-0.13	-0.16	-0.19	-0.21	-0.22	-0.22	-0.22	-0.21	
P09411_292-343	1.19	1.17	1.12	1.06	0.99	0.89	0.79	0.68	0.56	0.43	0.31	0.19	0.08	-0.02	-0.11	-0.18	-0.24	-0.29	-0.31	-0.33	-0.32	-0.30	-0.27	-0.23	-0.19	-0.13	-0.08	-0.02	0.03	0.08	0.12	0.15	0.18	0.19	0.19	0.19	0.17	0.14	0.11	0.07	0.03	-0.02	-0.07	-0.11	-0.15	-0.19	-0.22	-0.25	-0.27	-0.27	-0.27	-0.27	
P09411_292-343	1.27	1.25	1.21	1.16	1.09	1.01	0.91	0.80	0.69	0.58	0.46	0.34	0.23	0.13	0.03	-0.06	-0.13	-0.19	-0.24	-0.27	-0.30	-0.30	-0.30	-0.29	-0.26	-0.23	-0.20	-0.16	-0.12	-0.07	-0.03	0.00	0.03	0.06	0.08	0.09	0.10	0.10	0.09	0.08	0.07	0.05	0.03	0.01	-0.02	-0.04	-0.05	-0.07	-0.08	-0.08	-0.09	-0.08	
P09411_292-343	1.28	1.26	1.22	1.17	1.10	1.02	0.92	0.81	0.70	0.59	0.47	0.35	0.24	0.14	0.04	-0.05	-0.12	-0.18	-0.23	-0.27	-0.29	-0.30	-0.30	-0.29	-0.27	-0.24	-0.21	-0.17	-0.13	-0.10	-0.06	-0.03	-0.00	0.02	0.03	0.04	0.04	0.04	0.03	0.02	-0.00	-0.02	-0.04	-0.06	-0.08	-0.10	-0.11	-0.12	-0.12	-0.12	-0.11	-0.10	
P09411_292-343	1.16	1.15	1.12	1.07	1.01	0.93	0.85	0.75	0.65	0.55	0.45	0.34	0.24	0.15	0.06	-0.02	-0.09	-0.15	-0.19	-0.23	-0.25	-0.26	-0.25	-0.24	-0.22	-0.19	-0.15	-0.11	-0.07	-0.02	0.02	0.06	0.10	0.14	0.17	0.19	0.21	0.22	0.23	0.23	0.22	0.21	0.19	0.18	0.16	0.14	0.11	0.09	0.07	0.05	0.04	0.02	
P09411_292-343	0.51	0.50	0.49	0.47	0.44	0.41	0.37	0.33	0.29	0.24	0.19	0.14	0.09	0.05	0.00	-0.04	-0.08	-0.11	-0.13	-0.16	-0.17	-0.18	-0.18	-0.18	-0.17	-0.16	-0.14	-0.11	-0.09	-0.06	-0.03	0.01	0.04	0.07	0.10	0.13	0.16	0.19	0.21	0.23	0.24	0.25	0.26	0.26	0.26	0.26	0.25	0.24	0.23	0.21	0.19	0.18	
P09411_292-343	1.24	1.22	1.18	1.12	1.04	0.95	0.85	0.74	0.62	0.50	0.37	0.26	0.14	0.04	-0.05	-0.13	-0.19	-0.24	-0.28	-0.30	-0.30	-0.29	-0.27	-0.24	-0.20	-0.16	-0.12	-0.07	-0.03	0.01	0.05	0.07	0.09	0.10	0.10	0.09	0.07	0.05	0.02	-0.02	-0.06	-0.10	-0.14	-0.18	-0.22	-0.25	-0.27	-0.29	-0.30	-0.30	-0.30	-0.28	
P09411_292-343	1.76	1.74	1.69	1.61	1.52	1.40	1.27	1.13	0.97	0.81	0.65	0.49	0.34	0.19	0.06	-0.06	-0.16	-0.24	-0.31	-0.35	-0.38	-0.39	-0.38	-0.36	-0.32	-0.28	-0.22	-0.16	-0.10	-0.04	0.02	0.07	0.12	0.16	0.20	0.22	0.23	0.23	0.23	0.21	0.19	0.16	0.13	0.09	0.06	0.02	-0.02	-0.05	-0.08	-0.10	-0.12	-0.13	
P09411_301-352	1.34	1.31	1.27	1.21	1.13	1.03	0.92	0.80	0.67	0.54	0.41	0.28	0.15	0.04	-0.07	-0.16	-0.24	-0.30	-0.35	-0.38	-0.39	-0.39	-0.37	-0.35	-0.31	-0.27	-0.22	-0.17	-0.11	-0.06	-0.01	0.03	0.06	0.09	0.11	0.12	0.12	0.12	0.11	0.09	0.06	0.04	0.01	-0.02	-0.05	-0.07	-0.09	-0.10	-0.11	-0.11	-0.11	-0.10	
P09411_301-352	1.22	1.20	1.16	1.10	1.03	0.94	0.84	0.74	0.62	0.50	0.38	0.27	0.15	0.05	-0.05	-0.13	-0.20	-0.26	-0.30	-0.33	-0.34	-0.34	-0.33	-0.31	-0.28	-0.24	-0.19	-0.14	-0.10	-0.05	-0.01	0.03	0.07	0.09	0.11	0.12	0.13	0.12	0.11	0.10	0.08	0.05	0.03	-0.00	-0.03	-0.05	-0.07	-0.09	-0.10	-0.10	-0.10	-0.09	
P09411_301-352	1.01	0.99	0.96	0.92	0.86	0.79	0.71	0.62	0.53	0.43	0.33	0.24	0.14	0.06	-0.02	-0.09	-0.15	-0.20	-0.23	-0.25	-0.27	-0.27	-0.25	-0.23	-0.20	-0.17	-0.13	-0.09	-0.04	0.00	0.05	0.09	0.12	0.15	0.18	0.19	0.20	0.21	0.20	0.19	0.18	0.16	0.13	0.11	0.08	0.05	0.02	-0.01	-0.03	-0.05	-0.07	-0.09	
P09411_301-352	1.18	1.16	1.13	1.07	1.00	0.92	0.83	0.72	0.61	0.50	0.38	0.27	0.16	0.06	-0.03	-0.11	-0.18	-0.24	-0.28	-0.31	-0.32	-0.32	-0.30	-0.28	-0.24	-0.20	-0.15	-0.10	-0.05	0.01	0.06	0.10	0.14	0.18	0.21	0.23	0.24	0.24	0.24	0.23	0.21	0.19	0.16	0.13	0.10	0.06	0.03	-0.00	-0.03	-0.05	-0.07	-0.09	
P09411_301-352	1.26	1.24	1.20	1.14	1.07	0.98	0.88	0.77	0.66	0.54	0.42	0.31	0.20	0.09	-0.00	-0.08	-0.15	-0.21	-0.25	-0.27	-0.29	-0.29	-0.28	-0.26	-0.23	-0.19	-0.15	-0.11	-0.07	-0.04	-0.00	0.02	0.05	0.06	0.07	0.07	0.06	0.05	0.03	0.01	-0.02	-0.05	-0.08	-0.11	-0.13	-0.16	-0.18	-0.19	-0.20	-0.21	-0.20	-0.20	
P09411_301-352	1.24	1.22	1.18	1.13	1.06	0.98	0.89	0.79	0.68	0.57	0.46	0.35	0.24	0.15	0.06	-0.02	-0.09	-0.15	-0.19	-0.22	-0.23	-0.24	-0.23	-0.22	-0.19	-0.17	-0.13	-0.10	-0.07	-0.04	-0.01	0.02	0.04	0.05	0.06	0.06	0.05	0.04	0.02	-0.00	-0.03	-0.05	-0.08	-0.11	-0.14	-0.16	-0.18	-0.20	-0.21	-0.22	-0.22	-0.22	
P09411_301-352	1.10	1.08	1.05	1.00	0.94	0.86	0.77	0.67	0.57	0.47	0.36	0.25	0.15	0.06	-0.03	-0.10	-0.17	-0.22	-0.26	-0.29	-0.31	-0.31	-0.31	-0.30	-0.27	-0.25	-0.22	-0.18	-0.15	-0.11	-0.08	-0.05	-0.03	-0.01	-0.00	0.01	0.01	0.00	-0.01	-0.02	-0.03	-0.05	-0.07	-0.08	-0.10	-0.11	-0.12	-0.12	-0.13	-0.12	-0.11	-0.10	
P09411_301-352	0.52	0.51	0.49	0.47	0.43	0.39	0.34	0.29	0.24	0.18	0.12	0.07	0.01	-0.04	-0.08	-0.12	-0.16	-0.19	-0.21	-0.23	-0.24	-0.24	-0.24	-0.23	-0.22	-0.21	-0.20	-0.18	-0.16	-0.15	-0.13	-0.12	-0.11	-0.10	-0.10	-0.10	-0.10	-0.10	-0.11	-0.11	-0.12	-0.12	-0.13	-0.13	-0.14	-0.14	-0.13	-0.13	-0.12	-0.10	-0.09	-0.07	
P09411_301-352	1.27	1.25	1.21	1.16	1.09	1.00	0.91	0.80	0.69	0.57	0.46	0.34	0.23	0.13	0.04	-0.04	-0.11	-0.16	-0.20	-0.23	-0.24	-0.24	-0.22	-0.19	-0.16	-0.12	-0.07	-0.02	0.03	0.08	0.13	0.17	0.20	0.23	0.25	0.26	0.26	0.26	0.24	0.22	0.19	0.16	0.13	0.09	0.05	0.01	-0.02	-0.06	-0.08	-0.11	-0.12	-0.14	
P09411_301-352	1.69	1.67	1.62	1.54	1.44	1.33	1.20	1.05	0.90	0.74	0.58	0.42	0.27	0.13	0.01	-0.10	-0.20	-0.28	-0.33	-0.37	-0.39	-0.40	-0.39	-0.36	-0.33	-0.28	-0.23	-0.18	-0.13	-0.08	-0.03	0.01	0.04	0.07	0.09	0.09	0.09	0.08	0.06	0.04	0.02	-0.01	-0.04	-0.07	-0.10	-0.12	-0.14	-0.15	-0.16	-0.15	-0.15	-0.13	
P09411_317-368	1.43	1.41	1.37	1.31	1.22	1.13	1.02	0.89	0.76	0.63	0.49	0.36	0.23	0.11	-0.00	-0.10	-0.18	-0.25	-0.31	-0.34	-0.36	-0.37	-0.36	-0.33	-0.30	-0.26	-0.21	-0.15	-0.10	-0.04	0.01	0.06	0.10	0.14	0.17	0.19	0.20	0.20	0.20	0.18	0.16	0.14	0.11	0.07	0.04	-0.00	-0.04	-0.07	-0.10	-0.12	-0.15	-0.16	
P09411_317-368	1.29	1.28	1.24	1.18	1.11	1.03	0.93	0.82	0.70	0.59	0.46	0.34	0.23	0.12	0.01	-0.08	-0.16	-0.22	-0.27	-0.31	-0.34	-0.34	-0.34	-0.32	-0.30	-0.26	-0.22	-0.17	-0.12	-0.06	-0.01	0.04	0.08	0.12	0.15	0.18	0.19	0.20	0.20	0.19	0.18	0.16	0.13	0.10	0.07	0.03	-0.00	-0.04	-0.07	-0.10	-0.13	-0.15	
P09411_317-368	1.05	1.03	1.00	0.95	0.88	0.81	0.72	0.63	0.53	0.43	0.32	0.22	0.12	0.03	-0.05	-0.12	-0.18	-0.23	-0.27	-0.29	-0.30	-0.30	-0.29	-0.28	-0.25	-0.22	-0.18	-0.14	-0.10	-0.07	-0.03	-0.00	0.03	0.04	0.06	0.06	0.06	0.05	0.04	0.02	0.00	-0.02	-0.05	-0.07	-0.10	-0.12	-0.14	-0.15	-0.16	-0.17	-0.17	-0.17	
P09411_317-368	1.19	1.17	1.13	1.08	1.01	0.92	0.83	0.72	0.61	0.50	0.38	0.27	0.16	0.05	-0.04	-0.12	-0.19	-0.25	-0.29	-0.32	-0.33	-0.34	-0.33	-0.31	-0.28	-0.25	-0.21	-0.17	-0.13	-0.10	-0.06	-0.03	-0.00	0.02	0.03	0.03	0.03	0.02	0.01	-0.01	-0.03	-0.06	-0.09	-0.11	-0.14	-0.16	-0.18	-0.19	-0.20	-0.20	-0.20	-0.19	
P09411_317-368	1.21	1.19	1.15	1.10	1.03	0.95	0.86	0.76	0.65	0.54	0.43	0.32	0.21	0.12	0.03	-0.05	-0.11	-0.16	-0.20	-0.22	-0.23	-0.23	-0.22	-0.19	-0.16	-0.13	-0.09	-0.05	-0.00	0.03	0.07	0.10	0.13	0.15	0.16	0.16	0.16	0.15	0.13	0.11	0.09	0.06	0.03	0.01	-0.02	-0.04	-0.06	-0.08	-0.09	-0.10	-0.10	-0.09	
P09411_317-368	1.16	1.14	1.10	1.05	0.98	0.90	0.81	0.71	0.60	0.49	0.38	0.28	0.18	0.08	0.00	-0.07	-0.13	-0.17	-0.20	-0.22	-0.22	-0.22	-0.20	-0.17	-0.14	-0.10	-0.06	-0.01	0.03	0.07	0.10	0.13	0.15	0.16	0.16	0.16	0.15	0.13	0.11	0.09	0.06	0.03	-0.00	-0.03	-0.06	-0.08	-0.10	-0.12	-0.12	-0.12	-0.12	-0.11	
P09411_317-368	1.18	1.16	1.13	1.08	1.01	0.94	0.85	0.75	0.65	0.55	0.44	0.34	0.24	0.14	0.06	-0.02	-0.08	-0.13	-0.17	-0.20	-0.21	-0.21	-0.20	-0.18	-0.15	-0.11	-0.07	-0.03	0.01	0.06	0.10	0.14	0.17	0.19	0.21	0.22	0.22	0.22	0.21	0.19	0.17	0.14	0.11	0.07	0.04	0.01	-0.03	-0.06	-0.08	-0.10	-0.12	-0.13	
P09411_317-368	0.70	0.69	0.67	0.64	0.60	0.55	0.50	0.44	0.38	0.31	0.24	0.18	0.12	0.06	0.01	-0.04	-0.07	-0.10	-0.12	-0.14	-0.14	-0.14	-0.12	-0.10	-0.08	-0.05	-0.02	0.01	0.05	0.08	0.11	0.14	0.17	0.19	0.20	0.21	0.22	0.21	0.21	0.20	0.18	0.16	0.13	0.11	0.08	0.05	0.02	-0.00	-0.03	-0.05	-0.07	-0.09	
P09411_317-368	1.20	1.18	1.14	1.08	1.01	0.92	0.82	0.71	0.60	0.48	0.36	0.24	0.13	0.02	-0.08	-0.16	-0.23	-0.29	-0.33	-0.35	-0.37	-0.37	-0.35	-0.33	-0.30	-0.26	-0.22	-0.17	-0.13	-0.08	-0.04	-0.01	0.02	0.04	0.06	0.07	0.07	0.06	0.05	0.03	0.01	-0.02	-0.05	-0.07	-0.10	-0.12	-0.14	-0.16	-0.17	-0.17	-0.17	-0.16	
P09411_317-368	1.72	1.69	1.64	1.56	1.46	1.34	1.21	1.06	0.90	0.74	0.58	0.42	0.27	0.13	0.01	-0.10	-0.19	-0.26	-0.30	-0.33	-0.34	-0.33	-0.31	-0.27	-0.22	-0.16	-0.10	-0.03	0.03	0.09	0.15	0.19	0.23	0.26	0.27	0.27	0.26	0.24	0.21	0.17	0.13	0.08	0.03	-0.02	-0.06	-0.11	-0.15	-0.18	-0.20	-0.22	-0.22	-0.22	
P09411_326-377	1.32	1.31	1.27	1.22	1.16	1.08	0.99	0.89	0.78	0.67	0.56	0.44	0.33	0.22	0.12	0.03	-0.05	-0.13	-0.19	-0.23	-0.27	-0.30	-0.31	-0.31	-0.30	-0.29	-0.26	-0.23	-0.20	-0.16	-0.12	-0.08	-0.05	-0.01	0.02	0.05	0.07	0.09	0.10	0.11	0.11	0.11	0.11	0.10	0.10	0.09	0.08	0.07	0.06	0.05	0.04	0.03	
P09411_326-377	1.22	1.20	1.17	1.13	1.07	0.99	0.91	0.82	0.72	0.62	0.51	0.41	0.30	0.21	0.11	0.03	-0.05	-0.12	-0.17	-0.22	-0.25	-0.28	-0.29	-0.29	-0.28	-0.27	-0.25	-0.22	-0.19	-0.16	-0.12	-0.09	-0.05	-0.02	0.01	0.03	0.05	0.07	0.08	0.09	0.10	0.10	0.10	0.09	0.09	0.08	0.08	0.07	0.06	0.05	0.05	0.05	
P09411_326-377	1.14	1.12	1.08	1.03	0.96	0.88	0.79	0.69	0.59	0.48	0.37	0.26	0.16	0.06	-0.02	-0.10	-0.16	-0.21	-0.25	-0.27	-0.28	-0.28	-0.26	-0.24	-0.21	-0.17	-0.12	-0.08	-0.03	0.01	0.05	0.09	0.12	0.15	0.16	0.17	0.17	0.16	0.15	0.13	0.10	0.07	0.04	0.00	-0.03	-0.07	-0.10	-0.13	-0.15	-0.17	-0.18	-0.19	
P09411_326-377	1.28	1.26	1.22	1.17	1.09	1.00	0.90	0.79	0.67	0.55	0.43	0.31	0.20	0.09	-0.00	-0.09	-0.16	-0.21	-0.25	-0.28	-0.29	-0.28	-0.27	-0.24	-0.21	-0.16	-0.12	-0.07	-0.02	0.03	0.07	0.11	0.14	0.17	0.18	0.19	0.18	0.17	0.15	0.12	0.09	0.06	0.02	-0.02	-0.06	-0.10	-0.14	-0.17	-0.19	-0.21	-0.22	-0.23	
P09411_326-377	1.15	1.13	1.09	1.04	0.97	0.89	0.80	0.70	0.59	0.48	0.37	0.26	0.16	0.07	-0.02	-0.09	-0.16	-0.21	-0.24	-0.26	-0.27	-0.27	-0.26	-0.23	-0.20	-0.16	-0.12	-0.08	-0.04	0.00	0.04	0.07	0.09	0.11	0.12	0.12	0.12	0.11	0.09	0.07	0.04	0.01	-0.02	-0.05	-0.08	-0.10	-0.12	-0.14	-0.15	-0.16	-0.16	-0.15	
P09411_326-377	1.14	1.12	1.08	1.02	0.95	0.86	0.76	0.65	0.54	0.42	0.31	0.20	0.09	-0.01	-0.09	-0.17	-0.22	-0.27	-0.30	-0.31	-0.31	-0.30	-0.27	-0.24	-0.19	-0.15	-0.09	-0.04	0.01	0.05	0.09	0.12	0.15	0.16	0.17	0.17	0.16	0.14	0.11	0.08	0.04	0.00	-0.04	-0.08	-0.12	-0.15	-0.18	-0.20	-0.21	-0.22	-0.22	-0.21	
P09411_326-377	1.11	1.10	1.06	1.01	0.95	0.87	0.78	0.68	0.58	0.48	0.37	0.27	0.17	0.07	-0.01	-0.08	-0.15	-0.20	-0.23	-0.26	-0.27	-0.27	-0.26	-0.24	-0.21	-0.18	-0.14	-0.10	-0.06	-0.02	0.02	0.05	0.08	0.10	0.12	0.13	0.13	0.13	0.12	0.11	0.09	0.08	0.06	0.04	0.02	0.00	-0.01	-0.02	-0.03	-0.03	-0.03	-0.03	
P09411_326-377	0.61	0.60	0.58	0.56	0.52	0.48	0.44	0.39	0.34	0.28	0.22	0.17	0.11	0.06	0.01	-0.03	-0.07	-0.11	-0.13	-0.16	-0.17	-0.18	-0.18	-0.18	-0.17	-0.16	-0.15	-0.13	-0.11	-0.09	-0.06	-0.04	-0.02	0.00	0.02	0.04	0.05	0.07	0.08	0.09	0.10	0.10	0.11	0.11	0.11	0.11	0.11	0.11	0.11	0.11	0.10	0.10	
P09411_326-377	1.30	1.28	1.24	1.18	1.10	1.01	0.91	0.79	0.67	0.55	0.42	0.30	0.18	0.07	-0.03	-0.11	-0.19	-0.25	-0.29	-0.32	-0.33	-0.33	-0.31	-0.28	-0.25	-0.20	-0.15	-0.10	-0.05	-0.00	0.05	0.09	0.12	0.15	0.17	0.17	0.17	0.16	0.15	0.12	0.09	0.06	0.02	-0.02	-0.06	-0.10	-0.13	-0.16	-0.19	-0.21	-0.22	-0.22	
P09411_326-377	1.66	1.63	1.58	1.50	1.40	1.29	1.15	1.01	0.85	0.70	0.54	0.38	0.23	0.09	-0.03	-0.14	-0.23	-0.30	-0.35	-0.38	-0.40	-0.39	-0.37	-0.33	-0.29	-0.23	-0.17	-0.11	-0.04	0.02	0.08	0.13	0.17	0.21	0.23	0.24	0.24	0.23	0.21	0.19	0.16	0.12	0.08	0.04	0.00	-0.03	-0.06	-0.09	-0.11	-0.12	-0.12	-0.12	
P09411_342-393	1.37	1.35	1.31	1.26	1.18	1.10	1.00	0.89	0.78	0.66	0.54	0.42	0.31	0.21	0.12	0.04	-0.03	-0.08	-0.12	-0.15	-0.16	-0.15	-0.14	-0.12	-0.08	-0.04	-0.00	0.04	0.09	0.13	0.16	0.19	0.22	0.23	0.24	0.23	0.22	0.20	0.17	0.14	0.10	0.06	0.01	-0.03	-0.08	-0.12	-0.16	-0.19	-0.21	-0.23	-0.24	-0.24	
P09411_342-393	1.24	1.23	1.19	1.14	1.08	1.00	0.91	0.81	0.71	0.60	0.50	0.39	0.30	0.21	0.12	0.05	-0.01	-0.05	-0.09	-0.11	-0.11	-0.11	-0.10	-0.07	-0.04	-0.01	0.03	0.06	0.10	0.13	0.16	0.18	0.20	0.21	0.21	0.20	0.18	0.16	0.13	0.10	0.06	0.02	-0.03	-0.07	-0.11	-0.14	-0.17	-0.20	-0.22	-0.23	-0.23	-0.23	
P09411_342-393	1.12	1.11	1.07	1.02	0.95	0.87	0.78	0.68	0.58	0.47	0.36	0.25	0.15	0.06	-0.02	-0.10	-0.16	-0.21	-0.24	-0.26	-0.27	-0.27	-0.26	-0.24	-0.21	-0.18	-0.14	-0.10	-0.07	-0.03	-0.00	0.03	0.05	0.06	0.07	0.07	0.06	0.05	0.04	0.02	-0.00	-0.02	-0.04	-0.06	-0.08	-0.09	-0.10	-0.11	-0.11	-0.10	-0.09	-0.07	
P09411_342-393	1.25	1.23	1.19	1.14	1.06	0.97	0.87	0.76	0.64	0.52	0.40	0.28	0.16	0.06	-0.04	-0.12	-0.19	-0.25	-0.29	-0.32	-0.33	-0.33	-0.31	-0.29	-0.26	-0.22	-0.18	-0.13	-0.09	-0.04	-0.01	0.03	0.06	0.08	0.09	0.10	0.10	0.09	0.08	0.06	0.04	0.02	-0.00	-0.03	-0.05	-0.06	-0.08	-0.09	-0.09	-0.09	-0.09	-0.08	
P09411_342-393	1.13	1.11	1.07	1.02	0.96	0.88	0.79	0.69	0.59	0.48	0.37	0.26	0.16	0.06	-0.03	-0.11	-0.18	-0.23	-0.28	-0.31	-0.32	-0.33	-0.32	-0.30	-0.27	-0.24	-0.20	-0.15	-0.11	-0.06	-0.02	0.02	0.06	0.09	0.11	0.13	0.14	0.14	0.14	0.13	0.11	0.09	0.06	0.04	0.01	-0.02	-0.04	-0.07	-0.09	-0.11	-0.12	-0.13	
P09411_342-393	1.14	1.12	1.09	1.03	0.96	0.88	0.78	0.67	0.56	0.44	0.32	0.21	0.10	-0.01	-0.11	-0.19	-0.27	-0.33	-0.38	-0.41	-0.42	-0.43	-0.42	-0.40	-0.37	-0.33	-0.28	-0.23	-0.17	-0.12	-0.07	-0.02	0.03	0.06	0.10	0.12	0.14	0.14	0.14	0.14	0.12	0.11	0.08	0.05	0.03	-0.00	-0.03	-0.06	-0.09	-0.11	-0.13	-0.14	
P09411_342-393	1.15	1.13	1.09	1.04	0.97	0.89	0.80	0.70	0.59	0.48	0.37	0.26	0.15	0.06	-0.03	-0.10	-0.17	-0.22	-0.25	-0.27	-0.28	-0.27	-0.26	-0.23	-0.19	-0.15	-0.11	-0.06	-0.01	0.03	0.07	0.11	0.14	0.16	0.17	0.17	0.16	0.15	0.13	0.10	0.07	0.03	-0.01	-0.05	-0.09	-0.13	-0.16	-0.19	-0.21	-0.23	-0.24	-0.24	
P09411_342-393	0.71	0.70	0.67	0.64	0.60	0.55	0.49	0.43	0.36	0.30	0.23	0.17	0.11	0.06	0.01	-0.03	-0.06	-0.08	-0.09	-0.09	-0.09	-0.08	-0.06	-0.03	-0.01	0.02	0.05	0.08	0.11	0.13	0.15	0.16	0.16	0.16	0.15	0.14	0.12	0.09	0.06	0.02	-0.02	-0.05	-0.09	-0.13	-0.16	-0.19	-0.22	-0.24	-0.25	-0.25	-0.25	-0.24	
P09411_342-393	1.27	1.25	1.22	1.16	1.09	1.00	0.90	0.80	0.68	0.56	0.44	0.33	0.21	0.11	0.01	-0.08	-0.15	-0.21	-0.26	-0.29	-0.31	-0.32	-0.32	-0.30	-0.28	-0.25	-0.21	-0.17	-0.13	-0.09	-0.06	-0.02	0.01	0.04	0.05	0.07	0.08	0.08	0.08	0.07	0.06	0.05	0.03	0.02	0.01	-0.01	-0.02	-0.02	-0.03	-0.03	-0.03	-0.02	
P09411_342-393	1.70	1.68	1.62	1.54	1.44	1.32	1.18	1.03	0.86	0.70	0.53	0.36	0.20	0.05	-0.08	-0.20	-0.30	-0.38	-0.44	-0.48	-0.50	-0.50	-0.48	-0.45	-0.40	-0.34	-0.27	-0.20	-0.13	-0.06	0.01	0.07	0.12	0.16	0.19	0.21	0.22	0.21	0.20	0.17	0.14	0.10	0.06	0.01	-0.03	-0.08	-0.12	-0.16	-0.19	-0.22	-0.24	-0.25	
P09411_351-402	1.22	1.20	1.16	1.11	1.04	0.95	0.86	0.75	0.64	0.53	0.41	0.30	0.19	0.09	0.00	-0.07	-0.14	-0.19	-0.22	-0.25	-0.25	-0.25	-0.23	-0.21	-0.17	-0.13	-0.09	-0.04	0.00	0.04	0.08	0.12	0.14	0.17	0.18	0.19	0.19	0.18	0.17	0.15	0.13	0.10	0.08	0.05	0.03	0.00	-0.02	-0.03	-0.05	-0.06	-0.06	-0.07	
P09411_351-402	1.11	1.10	1.06	1.01	0.95	0.87	0.78	0.68	0.58	0.48	0.37	0.27	0.18	0.09	0.01	-0.06	-0.11	-0.16	-0.19	-0.20	-0.21	-0.20	-0.18	-0.15	-0.12	-0.08	-0.04	0.01	0.05	0.09	0.12	0.15	0.18	0.19	0.20	0.21	0.20	0.19	0.18	0.15	0.13	0.10	0.08	0.05	0.02	-0.00	-0.02	-0.04	-0.06	-0.07	-0.07	-0.07	
P09411_351-402	1.05	1.04	1.01	0.97	0.91	0.84	0.77	0.68	0.60	0.50	0.41	0.32	0.23	0.14	0.06	-0.01	-0.07	-0.12	-0.16	-0.19	-0.21	-0.22	-0.22	-0.21	-0.19	-0.17	-0.14	-0.11	-0.08	-0.05	-0.02	0.00	0.03	0.05	0.06	0.07	0.07	0.07	0.06	0.05	0.03	0.01	-0.01	-0.04	-0.06	-0.09	-0.11	-0.13	-0.15	-0.17	-0.18	-0.18	
P09411_351-402	1.17	1.16	1.12	1.08	1.02	0.94	0.86	0.76	0.66	0.56	0.46	0.35	0.25	0.15	0.06	-0.02	-0.09	-0.15	-0.20	-0.23	-0.26	-0.27	-0.27	-0.27	-0.25	-0.23	-0.20	-0.17	-0.13	-0.10	-0.07	-0.03	-0.01	0.02	0.04	0.05	0.06	0.06	0.05	0.04	0.03	0.01	-0.01	-0.03	-0.06	-0.08	-0.10	-0.12	-0.14	-0.15	-0.16	-0.17	
P09411_351-402	1.26	1.24	1.20	1.14	1.06	0.97	0.86	0.74	0.62	0.49	0.37	0.24	0.12	0.02	-0.08	-0.17	-0.24	-0.29	-0.33	-0.35	-0.35	-0.34	-0.32	-0.29	-0.25	-0.20	-0.15	-0.09	-0.04	0.02	0.06	0.10	0.14	0.16	0.18	0.18	0.18	0.17	0.15	0.12	0.09	0.06	0.02	-0.01	-0.05	-0.08	-0.11	-0.13	-0.14	-0.15	-0.15	-0.15	
P09411_351-402	1.32	1.29	1.25	1.19	1.11	1.02	0.91	0.79	0.66	0.53	0.40	0.27	0.15	0.04	-0.07	-0.16	-0.24	-0.30	-0.35	-0.38	-0.40	-0.40	-0.38	-0.36	-0.32	-0.28	-0.23	-0.17	-0.12	-0.06	-0.01	0.04	0.08	0.11	0.13	0.15	0.15	0.15	0.14	0.13	0.10	0.08	0.05	0.01	-0.02	-0.05	-0.08	-0.10	-0.12	-0.13	-0.14	-0.14	
P09411_351-402	1.21	1.19	1.15	1.09	1.02	0.93	0.83	0.72	0.60	0.48	0.36	0.24	0.13	0.03	-0.06	-0.14	-0.21	-0.26	-0.29	-0.31	-0.32	-0.31	-0.29	-0.26	-0.22	-0.17	-0.12	-0.06	-0.01	0.04	0.09	0.13	0.17	0.20	0.22	0.23	0.23	0.23	0.21	0.19	0.17	0.14	0.11	0.07	0.04	0.01	-0.02	-0.05	-0.07	-0.09	-0.10	-0.10	
P09411_351-402	0.66	0.65	0.62	0.59	0.55	0.51	0.45	0.39	0.33	0.27	0.20	0.14	0.08	0.03	-0.02	-0.06	-0.09	-0.11	-0.13	-0.14	-0.14	-0.13	-0.11	-0.09	-0.07	-0.04	-0.01	0.02	0.06	0.09	0.12	0.14	0.16	0.18	0.19	0.20	0.20	0.20	0.19	0.18	0.17	0.15	0.13	0.11	0.09	0.07	0.05	0.03	0.02	-0.00	-0.02	-0.03	
P09411_351-402	1.24	1.22	1.18	1.13	1.06	0.98	0.89	0.79	0.68	0.57	0.46	0.35	0.24	0.14	0.05	-0.03	-0.10	-0.16	-0.21	-0.24	-0.26	-0.27	-0.26	-0.25	-0.23	-0.20	-0.17	-0.14	-0.10	-0.07	-0.04	-0.01	0.01	0.03	0.04	0.04	0.04	0.03	0.01	-0.01	-0.04	-0.06	-0.09	-0.12	-0.14	-0.16	-0.18	-0.20	-0.21	-0.21	-0.21	-0.20	
P09411_351-402	1.80	1.77	1.71	1.63	1.52	1.39	1.25	1.09	0.92	0.74	0.56	0.39	0.22	0.07	-0.07	-0.19	-0.30	-0.38	-0.44	-0.48	-0.50	-0.50	-0.48	-0.44	-0.40	-0.34	-0.27	-0.20	-0.13	-0.05	0.01	0.07	0.12	0.16	0.20	0.21	0.22	0.22	0.20	0.18	0.15	0.11	0.07	0.03	-0.01	-0.05	-0.09	-0.12	-0.15	-0.16	-0.17	-0.18	
P09411_367-418	1.19	1.17	1.13	1.08	1.01	0.92	0.82	0.72	0.60	0.49	0.37	0.25	0.14	0.04	-0.06	-0.14	-0.21	-0.27	-0.31	-0.34	-0.35	-0.35	-0.34	-0.31	-0.28	-0.24	-0.20	-0.15	-0.10	-0.06	-0.01	0.02	0.06	0.08	0.10	0.11	0.12	0.11	0.10	0.08	0.05	0.03	-0.01	-0.04	-0.07	-0.11	-0.14	-0.16	-0.19	-0.21	-0.22	-0.23	
P09411_367-418	1.08	1.07	1.03	0.98	0.91	0.83	0.74	0.64	0.53	0.42	0.31	0.21	0.10	0.00	-0.08	-0.16	-0.22	-0.28	-0.31	-0.34	-0.35	-0.35	-0.33	-0.31	-0.28	-0.24	-0.20	-0.15	-0.10	-0.06	-0.01	0.03	0.06	0.09	0.11	0.12	0.12	0.12	0.11	0.09	0.07	0.05	0.02	-0.01	-0.04	-0.08	-0.10	-0.13	-0.15	-0.17	-0.18	-0.19	
P09411_367-418	1.08	1.06	1.03	0.98	0.92	0.84	0.75	0.66	0.56	0.45	0.35	0.25	0.16	0.07	-0.00	-0.07	-0.12	-0.17	-0.19	-0.21	-0.21	-0.20	-0.18	-0.16	-0.12	-0.09	-0.05	-0.00	0.04	0.07	0.10	0.13	0.15	0.16	0.17	0.17	0.16	0.14	0.12	0.10	0.07	0.05	0.02	-0.01	-0.04	-0.06	-0.07	-0.09	-0.09	-0.09	-0.09	-0.08	
P09411_367-418	1.23	1.21	1.18	1.12	1.05	0.96	0.86	0.75	0.64	0.53	0.41	0.30	0.19	0.09	0.01	-0.07	-0.13	-0.18	-0.21	-0.23	-0.23	-0.22	-0.20	-0.17	-0.13	-0.09	-0.04	0.01	0.05	0.09	0.13	0.16	0.18	0.19	0.20	0.20	0.19	0.17	0.14	0.11	0.08	0.04	0.01	-0.02	-0.06	-0.08	-0.11	-0.12	-0.13	-0.14	-0.13	-0.12	
P09411_367-418	1.27	1.25	1.21	1.15	1.08	0.99	0.89	0.78	0.67	0.54	0.42	0.30	0.18	0.07	-0.03	-0.12	-0.19	-0.26	-0.31	-0.34	-0.36	-0.37	-0.36	-0.35	-0.32	-0.28	-0.24	-0.19	-0.15	-0.10	-0.05	-0.01	0.03	0.06	0.09	0.11	0.12	0.13	0.12	0.11	0.10	0.08	0.06	0.03	0.01	-0.02	-0.04	-0.07	-0.08	-0.10	-0.11	-0.12	
P09411_367-418	1.30	1.28	1.24	1.19	1.12	1.04	0.94	0.83	0.72	0.60	0.48	0.37	0.25	0.15	0.05	-0.04	-0.12	-0.18	-0.23	-0.26	-0.29	-0.30	-0.29	-0.28	-0.26	-0.23	-0.20	-0.16	-0.12	-0.08	-0.04	-0.01	0.02	0.04	0.06	0.07	0.07	0.07	0.06	0.05	0.03	0.01	-0.01	-0.04	-0.06	-0.08	-0.10	-0.12	-0.13	-0.13	-0.14	-0.13	
P09411_367-418	1.11	1.09	1.06	1.01	0.95	0.88	0.79	0.70	0.60	0.49	0.39	0.29	0.19	0.09	0.00	-0.07	-0.14	-0.20	-0.24	-0.28	-0.30	-0.31	-0.31	-0.30	-0.28	-0.26	-0.23	-0.20	-0.16	-0.13	-0.10	-0.07	-0.05	-0.03	-0.01	-0.00	0.00	0.00	-0.01	-0.02	-0.03	-0.05	-0.07	-0.09	-0.11	-0.12	-0.14	-0.15	-0.16	-0.16	-0.16	-0.16	
P09411_367-418	0.52	0.51	0.49	0.47	0.45	0.41	0.37	0.33	0.28	0.24	0.19	0.14	0.09	0.04	-0.00	-0.05	-0.08	-0.12	-0.14	-0.17	-0.18	-0.19	-0.20	-0.20	-0.20	-0.20	-0.19	-0.17	-0.16	-0.15	-0.13	-0.12	-0.10	-0.09	-0.08	-0.07	-0.06	-0.06	-0.05	-0.05	-0.06	-0.06	-0.07	-0.08	-0.09	-0.09	-0.10	-0.11	-0.12	-0.13	-0.13	-0.13	
P09411_367-418	1.36	1.34	1.29	1.23	1.15	1.05	0.93	0.81	0.68	0.55	0.42	0.29	0.17	0.06	-0.04	-0.13	-0.20	-0.25	-0.29	-0.31	-0.31	-0.29	-0.27	-0.23	-0.18	-0.12	-0.06	-0.00	0.06	0.12	0.17	0.22	0.25	0.28	0.30	0.31	0.30	0.29	0.27	0.24	0.21	0.17	0.13	0.09	0.05	0.01	-0.02	-0.05	-0.07	-0.09	-0.09	-0.10	
P09411_367-418	1.68	1.65	1.61	1.54	1.45	1.34	1.22	1.08	0.94	0.79	0.64	0.49	0.34	0.21	0.08	-0.03	-0.13	-0.21	-0.27	-0.32	-0.35	-0.37	-0.37	-0.35	-0.33	-0.30	-0.26	-0.22	-0.17	-0.13	-0.08	-0.05	-0.02	0.01	0.03	0.04	0.04	0.03	0.02	0.00	-0.02	-0.05	-0.07	-0.10	-0.13	-0.15	-0.17	-0.19	-0.20	-0.21	-0.21	-0.20	
