P17095_1-52	1.20	1.18	1.15	1.09	1.03	0.94	0.85	0.75	0.64	0.53	0.42	0.31	0.21	0.11	0.03	-0.05	-0.11	-0.16	-0.20	-0.22	-0.23	-0.23	-0.21	-0.19	-0.16	-0.13	-0.10	-0.06	-0.02	0.01	0.04	0.06	0.08	0.08	0.08	0.08	0.06	0.04	0.02	-0.01	-0.05	-0.08	-0.12	-0.15	-0.18	-0.20	-0.22	-0.24	-0.24	-0.24	-0.24	-0.22	
P17095_1-52	1.09	1.07	1.04	0.99	0.92	0.85	0.76	0.67	0.57	0.47	0.37	0.27	0.18	0.10	0.02	-0.05	-0.10	-0.14	-0.17	-0.18	-0.19	-0.18	-0.16	-0.14	-0.11	-0.07	-0.04	-0.00	0.03	0.06	0.09	0.11	0.12	0.12	0.12	0.11	0.09	0.06	0.03	-0.00	-0.04	-0.08	-0.12	-0.15	-0.18	-0.21	-0.23	-0.25	-0.26	-0.26	-0.25	-0.24	
P17095_1-52	0.80	0.78	0.75	0.71	0.66	0.60	0.52	0.45	0.36	0.28	0.20	0.12	0.04	-0.02	-0.08	-0.13	-0.17	-0.20	-0.22	-0.22	-0.22	-0.20	-0.18	-0.15	-0.11	-0.08	-0.04	0.01	0.04	0.08	0.11	0.14	0.16	0.17	0.17	0.17	0.16	0.15	0.13	0.10	0.08	0.05	0.02	-0.01	-0.04	-0.06	-0.09	-0.10	-0.11	-0.12	-0.12	-0.12	
P17095_1-52	0.92	0.90	0.87	0.82	0.76	0.69	0.61	0.52	0.43	0.33	0.24	0.14	0.05	-0.03	-0.10	-0.16	-0.21	-0.25	-0.27	-0.29	-0.29	-0.28	-0.26	-0.23	-0.19	-0.15	-0.11	-0.06	-0.02	0.02	0.06	0.09	0.12	0.14	0.15	0.16	0.16	0.15	0.13	0.11	0.09	0.06	0.03	0.00	-0.02	-0.05	-0.08	-0.10	-0.11	-0.13	-0.13	-0.14	
P17095_1-52	1.47	1.45	1.41	1.35	1.27	1.17	1.06	0.94	0.82	0.68	0.55	0.42	0.29	0.17	0.06	-0.04	-0.13	-0.20	-0.26	-0.30	-0.32	-0.33	-0.33	-0.32	-0.29	-0.26	-0.22	-0.17	-0.13	-0.08	-0.04	0.01	0.04	0.08	0.10	0.12	0.13	0.13	0.12	0.11	0.09	0.07	0.04	0.02	-0.01	-0.04	-0.06	-0.08	-0.10	-0.11	-0.12	-0.13	
P17095_1-52	1.50	1.48	1.43	1.37	1.29	1.20	1.09	0.97	0.84	0.71	0.58	0.44	0.31	0.19	0.07	-0.03	-0.12	-0.20	-0.26	-0.30	-0.33	-0.35	-0.35	-0.34	-0.31	-0.28	-0.24	-0.19	-0.14	-0.09	-0.04	0.00	0.05	0.09	0.12	0.14	0.16	0.17	0.17	0.17	0.16	0.14	0.12	0.09	0.07	0.04	0.02	-0.01	-0.03	-0.05	-0.07	-0.08	
P17095_1-52	1.41	1.39	1.35	1.30	1.22	1.13	1.03	0.91	0.79	0.67	0.54	0.42	0.30	0.18	0.08	-0.01	-0.10	-0.16	-0.22	-0.26	-0.28	-0.30	-0.30	-0.29	-0.27	-0.24	-0.21	-0.18	-0.14	-0.11	-0.07	-0.04	-0.02	-0.00	0.01	0.01	0.01	0.01	-0.01	-0.02	-0.05	-0.07	-0.09	-0.11	-0.14	-0.15	-0.17	-0.18	-0.18	-0.18	-0.17	-0.16	
P17095_1-52	0.82	0.81	0.79	0.76	0.72	0.67	0.61	0.55	0.48	0.41	0.34	0.27	0.20	0.13	0.07	0.01	-0.04	-0.09	-0.13	-0.16	-0.18	-0.20	-0.22	-0.22	-0.23	-0.23	-0.23	-0.22	-0.22	-0.21	-0.20	-0.20	-0.20	-0.19	-0.19	-0.19	-0.20	-0.20	-0.20	-0.20	-0.21	-0.21	-0.20	-0.20	-0.19	-0.18	-0.16	-0.14	-0.12	-0.09	-0.06	-0.03	
P17095_1-52	0.91	0.89	0.86	0.81	0.75	0.68	0.60	0.51	0.41	0.32	0.22	0.13	0.05	-0.03	-0.10	-0.16	-0.20	-0.23	-0.25	-0.25	-0.24	-0.22	-0.19	-0.16	-0.11	-0.06	-0.01	0.04	0.09	0.14	0.18	0.22	0.25	0.27	0.28	0.28	0.28	0.26	0.24	0.21	0.18	0.14	0.10	0.06	0.01	-0.03	-0.06	-0.10	-0.13	-0.15	-0.17	-0.18	
P17095_1-52	1.92	1.89	1.84	1.76	1.65	1.53	1.38	1.23	1.06	0.88	0.71	0.53	0.37	0.21	0.06	-0.07	-0.18	-0.27	-0.34	-0.40	-0.43	-0.44	-0.44	-0.42	-0.39	-0.34	-0.29	-0.24	-0.18	-0.12	-0.06	-0.01	0.03	0.07	0.09	0.11	0.11	0.11	0.10	0.08	0.05	0.02	-0.01	-0.05	-0.08	-0.11	-0.14	-0.16	-0.18	-0.19	-0.19	-0.19	
P17095_7-58	1.14	1.12	1.09	1.04	0.98	0.91	0.83	0.74	0.65	0.55	0.45	0.36	0.26	0.17	0.09	0.02	-0.04	-0.10	-0.14	-0.16	-0.18	-0.19	-0.18	-0.17	-0.15	-0.12	-0.09	-0.06	-0.02	0.02	0.05	0.08	0.10	0.12	0.14	0.14	0.14	0.13	0.12	0.10	0.08	0.05	0.02	-0.02	-0.05	-0.08	-0.12	-0.14	-0.17	-0.19	-0.21	-0.22	
P17095_7-58	1.01	0.99	0.97	0.93	0.87	0.81	0.74	0.66	0.57	0.49	0.40	0.31	0.23	0.15	0.07	0.01	-0.04	-0.09	-0.12	-0.15	-0.16	-0.17	-0.16	-0.15	-0.12	-0.10	-0.07	-0.03	0.00	0.04	0.07	0.10	0.13	0.15	0.16	0.17	0.17	0.17	0.15	0.14	0.11	0.09	0.06	0.02	-0.01	-0.05	-0.08	-0.11	-0.14	-0.17	-0.19	-0.20	
P17095_7-58	0.73	0.71	0.69	0.66	0.62	0.57	0.51	0.44	0.38	0.31	0.24	0.17	0.10	0.03	-0.03	-0.08	-0.12	-0.16	-0.19	-0.21	-0.22	-0.22	-0.21	-0.20	-0.18	-0.16	-0.13	-0.10	-0.07	-0.04	-0.00	0.03	0.05	0.08	0.10	0.11	0.12	0.13	0.13	0.13	0.12	0.11	0.10	0.08	0.06	0.04	0.03	0.01	-0.01	-0.02	-0.04	-0.05	
P17095_7-58	0.89	0.88	0.85	0.81	0.76	0.69	0.62	0.55	0.46	0.38	0.29	0.20	0.12	0.04	-0.03	-0.09	-0.14	-0.19	-0.22	-0.25	-0.26	-0.26	-0.26	-0.25	-0.22	-0.20	-0.17	-0.13	-0.09	-0.06	-0.02	0.01	0.04	0.07	0.09	0.11	0.12	0.13	0.13	0.12	0.11	0.10	0.09	0.07	0.06	0.04	0.02	0.01	-0.01	-0.02	-0.03	-0.04	
P17095_7-58	1.48	1.46	1.42	1.35	1.27	1.17	1.05	0.93	0.79	0.66	0.52	0.38	0.25	0.13	0.02	-0.08	-0.16	-0.23	-0.28	-0.31	-0.33	-0.33	-0.32	-0.30	-0.27	-0.23	-0.18	-0.13	-0.08	-0.04	0.01	0.04	0.08	0.10	0.11	0.12	0.12	0.11	0.09	0.07	0.04	0.01	-0.02	-0.06	-0.09	-0.12	-0.14	-0.16	-0.18	-0.19	-0.19	-0.18	
P17095_7-58	1.55	1.52	1.47	1.40	1.31	1.21	1.08	0.95	0.81	0.66	0.51	0.37	0.23	0.10	-0.01	-0.11	-0.20	-0.27	-0.32	-0.35	-0.37	-0.37	-0.35	-0.32	-0.29	-0.24	-0.19	-0.14	-0.09	-0.04	0.01	0.05	0.08	0.11	0.12	0.13	0.13	0.11	0.10	0.07	0.04	0.01	-0.02	-0.05	-0.08	-0.10	-0.13	-0.14	-0.15	-0.15	-0.15	-0.13	
P17095_7-58	1.41	1.39	1.35	1.29	1.22	1.13	1.02	0.91	0.79	0.67	0.54	0.42	0.30	0.19	0.08	-0.00	-0.08	-0.14	-0.19	-0.22	-0.24	-0.25	-0.24	-0.22	-0.20	-0.16	-0.13	-0.09	-0.05	-0.01	0.03	0.05	0.08	0.09	0.10	0.10	0.09	0.07	0.05	0.02	-0.02	-0.05	-0.09	-0.13	-0.17	-0.20	-0.23	-0.26	-0.28	-0.29	-0.29	-0.29	
P17095_7-58	0.86	0.85	0.83	0.79	0.75	0.70	0.64	0.57	0.51	0.44	0.36	0.29	0.23	0.16	0.11	0.05	0.01	-0.03	-0.05	-0.07	-0.09	-0.09	-0.09	-0.09	-0.08	-0.07	-0.06	-0.05	-0.03	-0.03	-0.02	-0.02	-0.02	-0.03	-0.05	-0.07	-0.09	-0.12	-0.14	-0.18	-0.21	-0.24	-0.27	-0.30	-0.33	-0.35	-0.36	-0.37	-0.38	-0.38	-0.37	-0.35	
P17095_7-58	0.84	0.83	0.80	0.76	0.71	0.64	0.57	0.50	0.41	0.33	0.24	0.16	0.07	-0.00	-0.07	-0.13	-0.18	-0.23	-0.26	-0.28	-0.29	-0.28	-0.27	-0.25	-0.22	-0.19	-0.15	-0.11	-0.06	-0.02	0.03	0.07	0.11	0.14	0.17	0.19	0.21	0.22	0.23	0.23	0.22	0.21	0.20	0.18	0.16	0.14	0.12	0.10	0.08	0.06	0.04	0.02	
P17095_7-58	1.91	1.88	1.83	1.74	1.64	1.52	1.37	1.22	1.05	0.88	0.71	0.54	0.37	0.22	0.08	-0.05	-0.16	-0.25	-0.31	-0.36	-0.39	-0.40	-0.39	-0.37	-0.33	-0.29	-0.23	-0.18	-0.12	-0.06	-0.01	0.04	0.07	0.10	0.12	0.13	0.13	0.12	0.10	0.07	0.03	-0.00	-0.05	-0.09	-0.13	-0.17	-0.21	-0.24	-0.26	-0.27	-0.28	-0.28	
P17095_26-77	1.10	1.08	1.04	0.99	0.92	0.84	0.75	0.65	0.54	0.43	0.32	0.21	0.11	0.02	-0.07	-0.14	-0.20	-0.25	-0.28	-0.30	-0.30	-0.29	-0.28	-0.25	-0.21	-0.17	-0.12	-0.07	-0.03	0.02	0.06	0.09	0.12	0.13	0.14	0.15	0.14	0.13	0.10	0.08	0.05	0.01	-0.02	-0.06	-0.09	-0.12	-0.15	-0.17	-0.18	-0.19	-0.19	-0.18	
P17095_26-77	0.94	0.93	0.90	0.85	0.79	0.72	0.64	0.55	0.46	0.36	0.27	0.18	0.09	0.01	-0.07	-0.13	-0.18	-0.22	-0.25	-0.26	-0.27	-0.26	-0.24	-0.22	-0.19	-0.15	-0.12	-0.08	-0.04	-0.01	0.02	0.05	0.07	0.08	0.08	0.08	0.07	0.06	0.03	0.01	-0.02	-0.05	-0.08	-0.12	-0.14	-0.17	-0.19	-0.20	-0.21	-0.21	-0.21	-0.20	
P17095_26-77	0.78	0.77	0.75	0.71	0.66	0.60	0.54	0.47	0.39	0.32	0.24	0.17	0.10	0.03	-0.02	-0.07	-0.11	-0.13	-0.15	-0.16	-0.16	-0.15	-0.14	-0.12	-0.10	-0.07	-0.04	-0.01	0.01	0.03	0.05	0.06	0.07	0.07	0.06	0.05	0.03	0.01	-0.01	-0.04	-0.06	-0.09	-0.12	-0.14	-0.16	-0.18	-0.19	-0.19	-0.19	-0.19	-0.17	-0.16	
P17095_26-77	0.97	0.95	0.92	0.88	0.82	0.75	0.67	0.58	0.49	0.40	0.30	0.21	0.13	0.05	-0.02	-0.08	-0.12	-0.16	-0.18	-0.20	-0.20	-0.19	-0.17	-0.14	-0.11	-0.08	-0.04	-0.01	0.03	0.06	0.08	0.10	0.11	0.12	0.11	0.10	0.09	0.07	0.04	0.01	-0.02	-0.06	-0.09	-0.12	-0.14	-0.17	-0.18	-0.20	-0.20	-0.20	-0.19	-0.18	
P17095_26-77	1.46	1.44	1.39	1.33	1.25	1.15	1.04	0.92	0.78	0.65	0.51	0.37	0.24	0.12	0.00	-0.10	-0.19	-0.26	-0.32	-0.36	-0.38	-0.39	-0.39	-0.37	-0.33	-0.29	-0.24	-0.19	-0.13	-0.07	-0.01	0.04	0.09	0.14	0.17	0.20	0.22	0.23	0.23	0.22	0.20	0.18	0.15	0.12	0.08	0.04	0.01	-0.03	-0.06	-0.09	-0.12	-0.14	
P17095_26-77	1.52	1.50	1.46	1.39	1.31	1.21	1.10	0.97	0.84	0.70	0.56	0.42	0.29	0.16	0.04	-0.06	-0.16	-0.23	-0.29	-0.34	-0.37	-0.38	-0.38	-0.36	-0.33	-0.29	-0.24	-0.19	-0.13	-0.08	-0.02	0.04	0.09	0.13	0.17	0.20	0.22	0.23	0.24	0.23	0.22	0.20	0.18	0.15	0.12	0.09	0.05	0.02	-0.01	-0.04	-0.07	-0.09	
P17095_26-77	1.37	1.34	1.30	1.24	1.16	1.06	0.95	0.82	0.69	0.56	0.43	0.29	0.17	0.05	-0.06	-0.16	-0.24	-0.30	-0.35	-0.38	-0.39	-0.39	-0.37	-0.35	-0.31	-0.26	-0.20	-0.15	-0.09	-0.03	0.03	0.08	0.13	0.16	0.19	0.21	0.22	0.23	0.22	0.20	0.18	0.16	0.12	0.09	0.06	0.02	-0.01	-0.04	-0.06	-0.08	-0.09	-0.10	
P17095_26-77	0.83	0.82	0.79	0.75	0.70	0.63	0.56	0.48	0.40	0.31	0.23	0.14	0.06	-0.02	-0.08	-0.15	-0.20	-0.24	-0.27	-0.28	-0.29	-0.29	-0.27	-0.25	-0.22	-0.18	-0.14	-0.10	-0.05	-0.00	0.04	0.09	0.13	0.16	0.19	0.22	0.24	0.25	0.25	0.25	0.25	0.24	0.23	0.21	0.20	0.18	0.16	0.14	0.12	0.11	0.10	0.09	
P17095_26-77	0.88	0.86	0.84	0.80	0.75	0.69	0.62	0.54	0.46	0.38	0.30	0.22	0.15	0.08	0.02	-0.04	-0.08	-0.12	-0.15	-0.16	-0.17	-0.17	-0.16	-0.15	-0.13	-0.10	-0.08	-0.06	-0.03	-0.01	0.00	0.01	0.02	0.02	0.02	0.00	-0.01	-0.03	-0.06	-0.09	-0.11	-0.14	-0.17	-0.20	-0.22	-0.24	-0.26	-0.27	-0.27	-0.27	-0.27	-0.25	
P17095_26-77	1.92	1.89	1.83	1.74	1.63	1.49	1.33	1.16	0.98	0.80	0.61	0.43	0.25	0.09	-0.06	-0.19	-0.30	-0.38	-0.45	-0.48	-0.50	-0.50	-0.47	-0.43	-0.37	-0.31	-0.23	-0.15	-0.07	0.01	0.08	0.15	0.21	0.25	0.29	0.31	0.31	0.31	0.29	0.26	0.22	0.18	0.13	0.08	0.02	-0.03	-0.07	-0.12	-0.15	-0.18	-0.20	-0.20	
P17095_32-83	1.12	1.10	1.06	1.01	0.93	0.85	0.75	0.64	0.53	0.41	0.29	0.18	0.07	-0.03	-0.12	-0.19	-0.26	-0.30	-0.34	-0.36	-0.36	-0.35	-0.33	-0.29	-0.25	-0.21	-0.16	-0.10	-0.05	0.00	0.05	0.08	0.12	0.14	0.15	0.16	0.15	0.14	0.12	0.09	0.06	0.02	-0.02	-0.06	-0.10	-0.13	-0.17	-0.20	-0.22	-0.24	-0.25	-0.26	
P17095_32-83	0.98	0.96	0.93	0.88	0.82	0.75	0.66	0.57	0.47	0.37	0.27	0.18	0.08	-0.00	-0.08	-0.14	-0.20	-0.24	-0.27	-0.28	-0.28	-0.28	-0.26	-0.23	-0.19	-0.15	-0.11	-0.07	-0.02	0.02	0.06	0.09	0.11	0.13	0.14	0.14	0.14	0.12	0.10	0.07	0.04	0.01	-0.03	-0.07	-0.10	-0.14	-0.17	-0.20	-0.23	-0.24	-0.26	-0.26	
P17095_32-83	0.77	0.76	0.74	0.70	0.66	0.60	0.54	0.47	0.40	0.33	0.26	0.19	0.12	0.06	0.00	-0.05	-0.09	-0.12	-0.14	-0.15	-0.15	-0.15	-0.13	-0.12	-0.09	-0.06	-0.03	-0.00	0.03	0.06	0.08	0.10	0.12	0.13	0.14	0.14	0.13	0.12	0.10	0.07	0.05	0.02	-0.01	-0.04	-0.07	-0.10	-0.12	-0.15	-0.16	-0.18	-0.18	-0.19	
P17095_32-83	0.96	0.94	0.91	0.87	0.81	0.75	0.67	0.59	0.50	0.41	0.31	0.23	0.14	0.06	-0.01	-0.07	-0.12	-0.16	-0.18	-0.20	-0.20	-0.20	-0.18	-0.16	-0.13	-0.09	-0.05	-0.01	0.03	0.07	0.10	0.13	0.15	0.17	0.18	0.18	0.18	0.17	0.15	0.12	0.09	0.06	0.03	-0.01	-0.04	-0.08	-0.11	-0.13	-0.15	-0.17	-0.18	-0.18	
P17095_32-83	1.46	1.44	1.40	1.33	1.25	1.15	1.04	0.91	0.78	0.64	0.50	0.37	0.23	0.11	-0.00	-0.10	-0.19	-0.26	-0.32	-0.35	-0.38	-0.39	-0.38	-0.36	-0.33	-0.29	-0.25	-0.20	-0.15	-0.10	-0.05	-0.01	0.03	0.07	0.09	0.11	0.12	0.13	0.13	0.12	0.11	0.09	0.07	0.05	0.03	0.01	-0.01	-0.02	-0.04	-0.04	-0.05	-0.05	
P17095_32-83	1.51	1.48	1.44	1.38	1.30	1.20	1.09	0.96	0.83	0.69	0.56	0.42	0.29	0.16	0.05	-0.05	-0.14	-0.22	-0.27	-0.32	-0.34	-0.36	-0.36	-0.34	-0.32	-0.29	-0.25	-0.20	-0.16	-0.11	-0.06	-0.02	0.02	0.05	0.08	0.10	0.11	0.12	0.12	0.12	0.11	0.10	0.08	0.07	0.05	0.04	0.03	0.01	0.01	0.00	0.00	0.00	
P17095_32-83	1.37	1.35	1.30	1.24	1.15	1.05	0.94	0.81	0.68	0.54	0.40	0.26	0.13	0.01	-0.10	-0.20	-0.28	-0.34	-0.39	-0.42	-0.44	-0.44	-0.42	-0.39	-0.36	-0.31	-0.26	-0.20	-0.15	-0.09	-0.04	0.00	0.04	0.07	0.10	0.11	0.12	0.12	0.11	0.09	0.07	0.04	0.02	-0.01	-0.04	-0.06	-0.09	-0.11	-0.12	-0.13	-0.14	-0.13	
P17095_32-83	0.82	0.80	0.77	0.72	0.66	0.59	0.50	0.41	0.32	0.22	0.12	0.02	-0.07	-0.15	-0.22	-0.29	-0.34	-0.38	-0.41	-0.43	-0.43	-0.42	-0.40	-0.38	-0.35	-0.31	-0.27	-0.23	-0.19	-0.15	-0.11	-0.08	-0.05	-0.03	-0.02	-0.01	-0.00	-0.01	-0.01	-0.02	-0.04	-0.05	-0.06	-0.08	-0.09	-0.10	-0.11	-0.11	-0.11	-0.10	-0.09	-0.08	
P17095_32-83	0.90	0.88	0.86	0.82	0.78	0.72	0.66	0.59	0.52	0.44	0.37	0.29	0.22	0.15	0.09	0.04	-0.01	-0.04	-0.07	-0.09	-0.10	-0.09	-0.09	-0.07	-0.05	-0.03	0.00	0.03	0.06	0.09	0.12	0.14	0.16	0.17	0.17	0.18	0.17	0.16	0.14	0.12	0.09	0.07	0.03	0.00	-0.03	-0.06	-0.09	-0.12	-0.14	-0.16	-0.18	-0.18	
P17095_32-83	1.92	1.89	1.83	1.74	1.62	1.48	1.32	1.15	0.96	0.77	0.58	0.40	0.22	0.05	-0.10	-0.23	-0.35	-0.43	-0.50	-0.54	-0.56	-0.56	-0.53	-0.49	-0.44	-0.37	-0.30	-0.22	-0.14	-0.07	0.01	0.07	0.13	0.17	0.21	0.23	0.24	0.23	0.22	0.19	0.16	0.12	0.08	0.03	-0.01	-0.06	-0.09	-0.13	-0.16	-0.18	-0.19	-0.19	
P17095_51-102	1.32	1.30	1.25	1.18	1.09	0.98	0.85	0.72	0.57	0.43	0.28	0.14	0.01	-0.11	-0.22	-0.31	-0.38	-0.44	-0.47	-0.48	-0.48	-0.46	-0.42	-0.37	-0.31	-0.25	-0.17	-0.10	-0.04	0.03	0.09	0.13	0.17	0.19	0.21	0.21	0.19	0.17	0.14	0.10	0.05	-0.00	-0.06	-0.11	-0.16	-0.21	-0.25	-0.28	-0.30	-0.31	-0.32	-0.31	
P17095_51-102	1.16	1.14	1.09	1.03	0.94	0.84	0.73	0.60	0.47	0.34	0.20	0.08	-0.04	-0.15	-0.25	-0.32	-0.39	-0.43	-0.45	-0.46	-0.45	-0.42	-0.38	-0.33	-0.27	-0.20	-0.14	-0.07	-0.00	0.06	0.11	0.15	0.19	0.21	0.21	0.21	0.19	0.16	0.13	0.08	0.03	-0.02	-0.07	-0.13	-0.18	-0.22	-0.26	-0.29	-0.31	-0.32	-0.32	-0.31	
P17095_51-102	0.69	0.68	0.66	0.63	0.59	0.55	0.50	0.44	0.38	0.31	0.25	0.19	0.12	0.07	0.01	-0.03	-0.07	-0.11	-0.13	-0.15	-0.16	-0.17	-0.17	-0.16	-0.15	-0.13	-0.11	-0.09	-0.07	-0.05	-0.03	-0.02	-0.00	0.01	0.02	0.03	0.03	0.03	0.02	0.02	0.01	0.00	-0.01	-0.01	-0.02	-0.03	-0.03	-0.04	-0.04	-0.03	-0.03	-0.02	
P17095_51-102	0.84	0.83	0.81	0.77	0.73	0.68	0.62	0.56	0.49	0.42	0.35	0.28	0.21	0.14	0.08	0.02	-0.03	-0.08	-0.11	-0.14	-0.16	-0.18	-0.19	-0.19	-0.18	-0.17	-0.16	-0.14	-0.12	-0.10	-0.08	-0.07	-0.05	-0.03	-0.02	-0.01	0.00	0.01	0.01	0.01	0.01	0.01	0.01	0.00	0.00	-0.00	-0.00	-0.00	-0.00	-0.00	0.00	0.01	
P17095_51-102	1.49	1.46	1.42	1.36	1.27	1.17	1.06	0.93	0.80	0.66	0.52	0.38	0.25	0.13	0.02	-0.08	-0.16	-0.23	-0.28	-0.31	-0.33	-0.33	-0.32	-0.29	-0.26	-0.21	-0.16	-0.11	-0.06	-0.00	0.04	0.09	0.12	0.15	0.17	0.18	0.18	0.17	0.16	0.13	0.10	0.07	0.03	-0.01	-0.05	-0.09	-0.13	-0.16	-0.19	-0.21	-0.23	-0.24	
P17095_51-102	1.41	1.39	1.35	1.30	1.23	1.14	1.05	0.94	0.83	0.71	0.59	0.47	0.35	0.25	0.14	0.05	-0.03	-0.10	-0.15	-0.19	-0.22	-0.23	-0.24	-0.23	-0.21	-0.19	-0.15	-0.12	-0.08	-0.04	-0.00	0.03	0.06	0.09	0.11	0.12	0.13	0.14	0.13	0.12	0.11	0.09	0.07	0.05	0.02	-0.00	-0.03	-0.05	-0.07	-0.09	-0.11	-0.12	
P17095_51-102	1.53	1.51	1.46	1.38	1.28	1.17	1.04	0.90	0.75	0.59	0.44	0.29	0.15	0.02	-0.10	-0.20	-0.29	-0.35	-0.39	-0.42	-0.42	-0.41	-0.38	-0.34	-0.28	-0.22	-0.16	-0.09	-0.02	0.04	0.09	0.14	0.18	0.21	0.22	0.22	0.22	0.20	0.17	0.13	0.08	0.03	-0.02	-0.07	-0.12	-0.17	-0.21	-0.24	-0.27	-0.29	-0.30	-0.30	
P17095_51-102	1.19	1.17	1.12	1.06	0.98	0.89	0.78	0.66	0.53	0.40	0.28	0.15	0.03	-0.08	-0.17	-0.25	-0.32	-0.37	-0.40	-0.41	-0.41	-0.39	-0.36	-0.31	-0.26	-0.19	-0.13	-0.06	0.01	0.07	0.13	0.19	0.23	0.26	0.28	0.29	0.29	0.28	0.25	0.22	0.18	0.13	0.08	0.03	-0.02	-0.07	-0.12	-0.17	-0.21	-0.24	-0.26	-0.28	
P17095_51-102	0.73	0.72	0.70	0.67	0.63	0.58	0.53	0.47	0.41	0.34	0.27	0.21	0.14	0.08	0.03	-0.02	-0.06	-0.10	-0.13	-0.15	-0.16	-0.17	-0.17	-0.17	-0.16	-0.14	-0.13	-0.11	-0.09	-0.07	-0.05	-0.03	-0.01	-0.00	0.01	0.01	0.02	0.02	0.01	0.01	-0.00	-0.01	-0.02	-0.03	-0.03	-0.04	-0.04	-0.05	-0.04	-0.04	-0.04	-0.03	
P17095_51-102	1.97	1.94	1.88	1.79	1.68	1.55	1.39	1.22	1.04	0.86	0.67	0.49	0.31	0.15	-0.00	-0.13	-0.24	-0.33	-0.40	-0.45	-0.47	-0.47	-0.46	-0.43	-0.38	-0.33	-0.26	-0.20	-0.13	-0.07	-0.01	0.05	0.09	0.12	0.14	0.15	0.15	0.14	0.12	0.09	0.05	0.01	-0.04	-0.08	-0.12	-0.17	-0.20	-0.23	-0.25	-0.26	-0.27	-0.27	
P17095_57-108	1.40	1.38	1.33	1.25	1.16	1.04	0.92	0.78	0.63	0.48	0.33	0.18	0.04	-0.09	-0.20	-0.30	-0.38	-0.44	-0.48	-0.50	-0.50	-0.48	-0.45	-0.40	-0.35	-0.28	-0.21	-0.14	-0.06	0.01	0.07	0.12	0.17	0.20	0.23	0.23	0.23	0.22	0.19	0.16	0.12	0.08	0.03	-0.02	-0.07	-0.12	-0.16	-0.20	-0.23	-0.26	-0.27	-0.28	
P17095_57-108	1.25	1.22	1.18	1.11	1.02	0.91	0.79	0.66	0.53	0.39	0.25	0.11	-0.02	-0.14	-0.24	-0.33	-0.40	-0.45	-0.48	-0.50	-0.49	-0.47	-0.43	-0.38	-0.33	-0.26	-0.19	-0.11	-0.04	0.03	0.09	0.14	0.19	0.22	0.24	0.25	0.24	0.23	0.20	0.17	0.13	0.08	0.03	-0.02	-0.08	-0.13	-0.17	-0.21	-0.25	-0.27	-0.29	-0.30	
P17095_57-108	0.68	0.67	0.65	0.62	0.58	0.54	0.48	0.43	0.36	0.30	0.23	0.17	0.11	0.05	-0.00	-0.05	-0.09	-0.12	-0.14	-0.16	-0.17	-0.17	-0.17	-0.16	-0.15	-0.13	-0.11	-0.09	-0.07	-0.05	-0.03	-0.01	0.00	0.01	0.02	0.02	0.02	0.01	-0.00	-0.01	-0.03	-0.05	-0.07	-0.08	-0.10	-0.12	-0.13	-0.14	-0.15	-0.16	-0.16	-0.15	
P17095_57-108	0.80	0.79	0.77	0.74	0.70	0.65	0.59	0.53	0.47	0.40	0.33	0.26	0.19	0.13	0.07	0.02	-0.03	-0.07	-0.10	-0.12	-0.14	-0.15	-0.15	-0.15	-0.14	-0.13	-0.12	-0.11	-0.09	-0.08	-0.06	-0.05	-0.04	-0.04	-0.03	-0.03	-0.04	-0.04	-0.05	-0.06	-0.08	-0.09	-0.10	-0.11	-0.12	-0.13	-0.14	-0.14	-0.15	-0.14	-0.14	-0.13	
P17095_57-108	1.50	1.48	1.44	1.37	1.29	1.19	1.07	0.95	0.82	0.68	0.54	0.41	0.28	0.15	0.04	-0.05	-0.14	-0.20	-0.25	-0.29	-0.30	-0.31	-0.29	-0.27	-0.23	-0.19	-0.14	-0.08	-0.03	0.02	0.07	0.12	0.16	0.19	0.21	0.23	0.23	0.23	0.22	0.20	0.18	0.15	0.12	0.09	0.05	0.02	-0.01	-0.03	-0.05	-0.07	-0.08	-0.08	
P17095_57-108	1.39	1.37	1.33	1.28	1.21	1.12	1.03	0.92	0.81	0.69	0.57	0.45	0.34	0.23	0.14	0.05	-0.03	-0.09	-0.14	-0.17	-0.19	-0.20	-0.20	-0.19	-0.16	-0.14	-0.10	-0.06	-0.02	0.01	0.05	0.08	0.11	0.13	0.15	0.16	0.16	0.16	0.15	0.14	0.12	0.10	0.08	0.06	0.04	0.02	-0.00	-0.01	-0.02	-0.03	-0.03	-0.02	
P17095_57-108	1.59	1.56	1.51	1.43	1.33	1.21	1.08	0.93	0.78	0.62	0.46	0.30	0.16	0.02	-0.10	-0.21	-0.29	-0.36	-0.41	-0.43	-0.44	-0.42	-0.40	-0.35	-0.30	-0.23	-0.16	-0.09	-0.02	0.05	0.11	0.17	0.21	0.25	0.27	0.28	0.28	0.26	0.24	0.21	0.17	0.13	0.08	0.03	-0.02	-0.06	-0.10	-0.13	-0.16	-0.18	-0.19	-0.20	
P17095_57-108	1.18	1.16	1.12	1.06	0.99	0.90	0.80	0.69	0.57	0.45	0.33	0.20	0.09	-0.02	-0.12	-0.20	-0.28	-0.34	-0.38	-0.41	-0.42	-0.42	-0.40	-0.37	-0.34	-0.29	-0.24	-0.18	-0.12	-0.06	0.00	0.06	0.11	0.15	0.19	0.21	0.23	0.25	0.25	0.25	0.24	0.22	0.20	0.17	0.14	0.11	0.08	0.05	0.03	0.00	-0.02	-0.04	
P17095_57-108	0.72	0.71	0.69	0.66	0.62	0.58	0.52	0.47	0.41	0.34	0.28	0.21	0.15	0.09	0.04	-0.01	-0.05	-0.09	-0.12	-0.14	-0.15	-0.16	-0.16	-0.15	-0.14	-0.13	-0.11	-0.09	-0.08	-0.06	-0.04	-0.02	-0.00	0.01	0.01	0.02	0.02	0.01	0.01	-0.01	-0.02	-0.03	-0.05	-0.07	-0.09	-0.11	-0.12	-0.14	-0.15	-0.16	-0.16	-0.16	
P17095_57-108	2.02	1.99	1.93	1.84	1.72	1.58	1.42	1.25	1.06	0.87	0.68	0.50	0.32	0.16	0.01	-0.12	-0.23	-0.32	-0.38	-0.42	-0.44	-0.43	-0.41	-0.37	-0.32	-0.26	-0.19	-0.12	-0.04	0.02	0.09	0.14	0.18	0.21	0.23	0.23	0.23	0.21	0.18	0.14	0.10	0.05	-0.00	-0.05	-0.10	-0.15	-0.19	-0.22	-0.24	-0.25	-0.25	-0.25	
