P24452_1-52	1.17	1.15	1.11	1.05	0.98	0.89	0.79	0.68	0.56	0.44	0.32	0.21	0.09	-0.01	-0.11	-0.19	-0.27	-0.32	-0.37	-0.40	-0.41	-0.41	-0.40	-0.38	-0.35	-0.31	-0.26	-0.22	-0.17	-0.12	-0.08	-0.04	-0.00	0.03	0.05	0.07	0.08	0.08	0.08	0.07	0.06	0.04	0.03	0.01	-0.01	-0.02	-0.04	-0.05	-0.05	-0.06	-0.05	-0.05	
P24452_1-52	1.07	1.05	1.02	0.97	0.90	0.82	0.73	0.63	0.52	0.41	0.30	0.19	0.09	-0.01	-0.10	-0.18	-0.24	-0.30	-0.34	-0.36	-0.38	-0.38	-0.37	-0.35	-0.32	-0.28	-0.24	-0.20	-0.16	-0.12	-0.08	-0.04	-0.01	0.02	0.04	0.06	0.07	0.07	0.07	0.06	0.05	0.04	0.02	0.01	-0.01	-0.02	-0.03	-0.04	-0.04	-0.05	-0.04	-0.04	
P24452_1-52	1.06	1.04	1.00	0.95	0.88	0.80	0.71	0.61	0.50	0.39	0.29	0.18	0.08	-0.01	-0.09	-0.16	-0.22	-0.26	-0.29	-0.31	-0.31	-0.30	-0.28	-0.25	-0.21	-0.17	-0.12	-0.08	-0.03	0.01	0.05	0.08	0.11	0.13	0.14	0.14	0.14	0.12	0.11	0.09	0.06	0.03	0.00	-0.02	-0.05	-0.07	-0.09	-0.10	-0.11	-0.11	-0.10	-0.09	
P24452_1-52	1.23	1.21	1.17	1.11	1.04	0.94	0.84	0.73	0.61	0.48	0.36	0.24	0.13	0.02	-0.07	-0.15	-0.22	-0.27	-0.30	-0.32	-0.32	-0.31	-0.29	-0.26	-0.22	-0.17	-0.12	-0.07	-0.02	0.02	0.07	0.10	0.13	0.15	0.16	0.16	0.15	0.13	0.11	0.08	0.05	0.02	-0.01	-0.04	-0.07	-0.10	-0.12	-0.13	-0.14	-0.14	-0.13	-0.12	
P24452_1-52	1.18	1.17	1.13	1.08	1.02	0.94	0.85	0.75	0.65	0.54	0.43	0.33	0.23	0.13	0.04	-0.04	-0.10	-0.16	-0.20	-0.23	-0.24	-0.25	-0.24	-0.22	-0.20	-0.17	-0.13	-0.09	-0.05	-0.01	0.03	0.06	0.09	0.12	0.13	0.14	0.14	0.14	0.12	0.10	0.08	0.05	0.02	-0.01	-0.05	-0.08	-0.11	-0.14	-0.17	-0.19	-0.20	-0.21	
P24452_1-52	1.27	1.26	1.22	1.17	1.10	1.03	0.94	0.84	0.73	0.63	0.52	0.41	0.30	0.21	0.12	0.04	-0.03	-0.09	-0.13	-0.16	-0.17	-0.18	-0.17	-0.16	-0.13	-0.10	-0.07	-0.03	0.01	0.05	0.09	0.12	0.14	0.16	0.18	0.18	0.17	0.16	0.14	0.12	0.09	0.05	0.01	-0.03	-0.07	-0.11	-0.15	-0.18	-0.21	-0.24	-0.25	-0.26	
P24452_1-52	1.01	0.99	0.96	0.92	0.87	0.80	0.73	0.65	0.56	0.47	0.38	0.29	0.20	0.11	0.03	-0.04	-0.11	-0.16	-0.20	-0.24	-0.26	-0.27	-0.28	-0.27	-0.26	-0.24	-0.21	-0.18	-0.14	-0.11	-0.07	-0.04	-0.01	0.02	0.04	0.06	0.08	0.09	0.09	0.09	0.08	0.07	0.05	0.03	0.01	-0.01	-0.03	-0.05	-0.07	-0.09	-0.11	-0.12	
P24452_1-52	0.53	0.52	0.51	0.48	0.45	0.41	0.36	0.31	0.25	0.20	0.14	0.08	0.02	-0.04	-0.10	-0.15	-0.19	-0.23	-0.27	-0.30	-0.32	-0.33	-0.34	-0.34	-0.34	-0.33	-0.31	-0.29	-0.27	-0.24	-0.21	-0.18	-0.15	-0.12	-0.09	-0.07	-0.04	-0.02	0.01	0.02	0.04	0.05	0.06	0.07	0.07	0.07	0.07	0.07	0.07	0.06	0.06	0.05	
P24452_1-52	1.29	1.27	1.22	1.16	1.08	0.98	0.87	0.75	0.62	0.49	0.36	0.23	0.11	0.00	-0.09	-0.18	-0.24	-0.29	-0.32	-0.34	-0.34	-0.32	-0.29	-0.26	-0.21	-0.15	-0.10	-0.04	0.01	0.06	0.11	0.14	0.17	0.19	0.19	0.19	0.18	0.16	0.13	0.09	0.05	0.01	-0.03	-0.07	-0.10	-0.14	-0.16	-0.18	-0.19	-0.20	-0.20	-0.18	
P24452_1-52	1.41	1.40	1.36	1.30	1.23	1.14	1.04	0.93	0.81	0.69	0.56	0.44	0.31	0.20	0.09	-0.01	-0.10	-0.17	-0.23	-0.28	-0.31	-0.32	-0.33	-0.32	-0.30	-0.27	-0.24	-0.20	-0.15	-0.10	-0.06	-0.01	0.03	0.06	0.09	0.12	0.13	0.14	0.14	0.13	0.11	0.09	0.07	0.04	0.01	-0.03	-0.06	-0.10	-0.13	-0.16	-0.18	-0.20	
P24452_2-53	1.14	1.12	1.08	1.03	0.95	0.87	0.77	0.66	0.55	0.43	0.31	0.19	0.08	-0.02	-0.12	-0.21	-0.28	-0.34	-0.38	-0.41	-0.43	-0.43	-0.42	-0.40	-0.37	-0.34	-0.30	-0.25	-0.20	-0.16	-0.12	-0.08	-0.04	-0.01	0.01	0.03	0.04	0.04	0.04	0.03	0.02	0.01	-0.01	-0.03	-0.05	-0.06	-0.07	-0.08	-0.09	-0.09	-0.09	-0.09	
P24452_2-53	1.04	1.02	0.99	0.94	0.87	0.79	0.70	0.61	0.50	0.39	0.28	0.18	0.07	-0.02	-0.11	-0.19	-0.26	-0.31	-0.35	-0.38	-0.40	-0.40	-0.39	-0.37	-0.35	-0.32	-0.28	-0.24	-0.20	-0.16	-0.12	-0.08	-0.05	-0.02	-0.00	0.01	0.02	0.03	0.03	0.02	0.01	-0.00	-0.02	-0.03	-0.05	-0.06	-0.07	-0.08	-0.08	-0.08	-0.08	-0.08	
P24452_2-53	1.02	1.00	0.97	0.92	0.85	0.78	0.69	0.59	0.49	0.39	0.28	0.18	0.08	-0.01	-0.09	-0.16	-0.22	-0.26	-0.29	-0.31	-0.32	-0.32	-0.30	-0.27	-0.24	-0.20	-0.16	-0.12	-0.07	-0.03	0.01	0.04	0.07	0.09	0.10	0.11	0.11	0.10	0.09	0.07	0.05	0.02	-0.00	-0.03	-0.05	-0.08	-0.09	-0.11	-0.12	-0.12	-0.12	-0.12	
P24452_2-53	1.20	1.18	1.14	1.08	1.01	0.92	0.82	0.71	0.60	0.48	0.36	0.24	0.13	0.03	-0.06	-0.14	-0.21	-0.26	-0.30	-0.32	-0.33	-0.32	-0.31	-0.28	-0.24	-0.20	-0.16	-0.11	-0.06	-0.01	0.03	0.06	0.09	0.11	0.13	0.13	0.13	0.12	0.10	0.08	0.05	0.02	-0.01	-0.04	-0.07	-0.10	-0.12	-0.14	-0.15	-0.15	-0.15	-0.14	
P24452_2-53	1.21	1.20	1.16	1.11	1.04	0.96	0.87	0.77	0.67	0.56	0.45	0.34	0.24	0.14	0.05	-0.03	-0.09	-0.15	-0.19	-0.21	-0.23	-0.23	-0.22	-0.20	-0.17	-0.14	-0.10	-0.06	-0.01	0.03	0.07	0.10	0.13	0.15	0.17	0.18	0.18	0.17	0.15	0.13	0.11	0.08	0.05	0.01	-0.02	-0.05	-0.08	-0.11	-0.14	-0.15	-0.17	-0.18	
P24452_2-53	1.31	1.29	1.26	1.21	1.14	1.06	0.96	0.86	0.75	0.64	0.53	0.42	0.31	0.21	0.12	0.04	-0.02	-0.08	-0.12	-0.14	-0.16	-0.16	-0.15	-0.13	-0.10	-0.06	-0.02	0.02	0.06	0.10	0.14	0.17	0.20	0.22	0.23	0.23	0.23	0.21	0.19	0.16	0.13	0.09	0.05	0.01	-0.03	-0.07	-0.11	-0.15	-0.17	-0.20	-0.21	-0.22	
P24452_2-53	1.06	1.04	1.01	0.97	0.91	0.83	0.75	0.66	0.56	0.47	0.37	0.27	0.17	0.08	0.00	-0.07	-0.13	-0.18	-0.22	-0.25	-0.26	-0.27	-0.26	-0.25	-0.23	-0.20	-0.16	-0.13	-0.09	-0.05	-0.02	0.01	0.04	0.06	0.08	0.09	0.09	0.09	0.09	0.08	0.06	0.04	0.02	0.00	-0.02	-0.04	-0.06	-0.08	-0.09	-0.10	-0.11	-0.11	
P24452_2-53	0.62	0.61	0.59	0.55	0.51	0.45	0.39	0.32	0.25	0.18	0.10	0.03	-0.04	-0.10	-0.16	-0.21	-0.26	-0.29	-0.32	-0.33	-0.34	-0.34	-0.33	-0.32	-0.30	-0.28	-0.25	-0.22	-0.19	-0.17	-0.14	-0.12	-0.10	-0.08	-0.06	-0.05	-0.04	-0.04	-0.04	-0.04	-0.04	-0.04	-0.04	-0.04	-0.04	-0.03	-0.03	-0.02	-0.01	-0.00	0.01	0.02	
P24452_2-53	1.22	1.21	1.17	1.11	1.04	0.95	0.85	0.74	0.62	0.50	0.38	0.26	0.15	0.04	-0.05	-0.13	-0.20	-0.26	-0.30	-0.32	-0.33	-0.33	-0.31	-0.28	-0.24	-0.20	-0.15	-0.10	-0.05	-0.00	0.04	0.08	0.11	0.14	0.15	0.16	0.16	0.15	0.13	0.11	0.08	0.05	0.01	-0.02	-0.06	-0.09	-0.12	-0.14	-0.16	-0.18	-0.19	-0.19	
P24452_2-53	1.47	1.45	1.41	1.35	1.26	1.17	1.06	0.94	0.81	0.67	0.54	0.41	0.28	0.16	0.05	-0.05	-0.13	-0.20	-0.25	-0.29	-0.31	-0.32	-0.31	-0.29	-0.26	-0.23	-0.18	-0.14	-0.09	-0.04	0.00	0.05	0.08	0.11	0.13	0.14	0.15	0.15	0.14	0.12	0.10	0.07	0.04	0.01	-0.03	-0.06	-0.09	-0.11	-0.14	-0.16	-0.17	-0.18	
P24452_26-77	1.34	1.31	1.27	1.21	1.13	1.03	0.92	0.81	0.68	0.55	0.42	0.29	0.17	0.06	-0.04	-0.12	-0.19	-0.25	-0.29	-0.31	-0.31	-0.31	-0.28	-0.25	-0.21	-0.16	-0.11	-0.05	0.01	0.06	0.11	0.15	0.18	0.21	0.23	0.24	0.24	0.23	0.21	0.19	0.16	0.12	0.09	0.05	0.02	-0.01	-0.04	-0.06	-0.08	-0.10	-0.10	-0.11	
P24452_26-77	1.22	1.20	1.17	1.11	1.04	0.95	0.85	0.74	0.63	0.51	0.39	0.28	0.17	0.07	-0.02	-0.10	-0.16	-0.21	-0.25	-0.27	-0.28	-0.27	-0.25	-0.22	-0.18	-0.14	-0.09	-0.04	0.01	0.06	0.10	0.14	0.17	0.20	0.22	0.22	0.22	0.22	0.20	0.18	0.16	0.13	0.10	0.07	0.04	0.01	-0.01	-0.04	-0.05	-0.07	-0.07	-0.08	
P24452_26-77	0.96	0.94	0.92	0.88	0.83	0.77	0.70	0.63	0.55	0.46	0.38	0.30	0.22	0.14	0.07	0.00	-0.05	-0.10	-0.14	-0.17	-0.19	-0.20	-0.20	-0.19	-0.18	-0.16	-0.13	-0.11	-0.08	-0.05	-0.02	0.00	0.03	0.04	0.06	0.07	0.07	0.07	0.07	0.06	0.05	0.03	0.01	-0.01	-0.03	-0.05	-0.07	-0.09	-0.11	-0.12	-0.13	-0.14	
P24452_26-77	1.12	1.10	1.07	1.02	0.96	0.89	0.81	0.71	0.62	0.52	0.41	0.31	0.22	0.12	0.04	-0.04	-0.10	-0.16	-0.20	-0.23	-0.25	-0.26	-0.25	-0.24	-0.22	-0.20	-0.16	-0.13	-0.09	-0.06	-0.02	0.01	0.04	0.06	0.08	0.09	0.09	0.09	0.09	0.07	0.06	0.04	0.01	-0.01	-0.04	-0.06	-0.09	-0.11	-0.13	-0.14	-0.15	-0.16	
P24452_26-77	1.26	1.24	1.20	1.14	1.07	0.98	0.87	0.76	0.64	0.52	0.39	0.27	0.16	0.05	-0.05	-0.13	-0.20	-0.26	-0.30	-0.33	-0.34	-0.34	-0.32	-0.30	-0.26	-0.22	-0.17	-0.13	-0.08	-0.03	0.01	0.05	0.08	0.10	0.12	0.12	0.12	0.11	0.10	0.08	0.05	0.02	-0.01	-0.04	-0.07	-0.09	-0.11	-0.13	-0.14	-0.15	-0.15	-0.14	
P24452_26-77	1.25	1.23	1.19	1.13	1.05	0.96	0.86	0.74	0.62	0.50	0.38	0.25	0.14	0.03	-0.07	-0.16	-0.23	-0.29	-0.33	-0.36	-0.37	-0.37	-0.35	-0.33	-0.29	-0.25	-0.21	-0.16	-0.11	-0.06	-0.02	0.02	0.05	0.07	0.08	0.09	0.09	0.08	0.06	0.04	0.01	-0.02	-0.06	-0.09	-0.12	-0.15	-0.18	-0.19	-0.21	-0.21	-0.21	-0.20	
P24452_26-77	1.20	1.18	1.14	1.09	1.01	0.92	0.82	0.71	0.59	0.47	0.35	0.23	0.12	0.02	-0.08	-0.15	-0.22	-0.27	-0.30	-0.32	-0.32	-0.31	-0.29	-0.25	-0.21	-0.16	-0.11	-0.05	0.00	0.05	0.10	0.13	0.16	0.19	0.20	0.20	0.20	0.18	0.16	0.14	0.10	0.07	0.03	-0.00	-0.04	-0.07	-0.10	-0.12	-0.13	-0.14	-0.14	-0.14	
P24452_26-77	0.75	0.74	0.72	0.68	0.64	0.60	0.54	0.48	0.42	0.35	0.29	0.22	0.16	0.10	0.04	-0.00	-0.04	-0.08	-0.10	-0.12	-0.13	-0.13	-0.12	-0.11	-0.09	-0.07	-0.04	-0.02	0.01	0.04	0.07	0.09	0.12	0.13	0.15	0.16	0.16	0.16	0.16	0.15	0.14	0.13	0.12	0.10	0.08	0.06	0.05	0.03	0.02	0.01	-0.00	-0.01	
P24452_26-77	1.16	1.14	1.11	1.06	1.00	0.93	0.84	0.75	0.65	0.55	0.45	0.34	0.25	0.15	0.07	-0.01	-0.08	-0.13	-0.18	-0.21	-0.23	-0.24	-0.24	-0.23	-0.22	-0.20	-0.17	-0.14	-0.11	-0.08	-0.05	-0.02	0.00	0.02	0.04	0.04	0.05	0.05	0.04	0.03	0.02	0.00	-0.02	-0.03	-0.05	-0.07	-0.08	-0.10	-0.11	-0.11	-0.12	-0.12	
P24452_26-77	1.63	1.60	1.55	1.46	1.36	1.23	1.09	0.93	0.77	0.60	0.44	0.27	0.12	-0.02	-0.15	-0.25	-0.34	-0.40	-0.44	-0.46	-0.46	-0.44	-0.40	-0.35	-0.28	-0.21	-0.14	-0.06	0.01	0.08	0.15	0.20	0.24	0.26	0.28	0.28	0.27	0.24	0.21	0.16	0.12	0.06	0.01	-0.05	-0.10	-0.14	-0.18	-0.21	-0.23	-0.24	-0.24	-0.23	
P24452_27-78	1.32	1.30	1.26	1.20	1.12	1.03	0.92	0.80	0.68	0.55	0.42	0.30	0.18	0.07	-0.03	-0.12	-0.19	-0.25	-0.29	-0.31	-0.32	-0.32	-0.30	-0.27	-0.23	-0.18	-0.12	-0.07	-0.01	0.04	0.09	0.13	0.17	0.20	0.22	0.23	0.23	0.23	0.21	0.19	0.17	0.14	0.10	0.07	0.03	0.00	-0.03	-0.05	-0.07	-0.09	-0.10	-0.10	
P24452_27-78	1.18	1.16	1.13	1.08	1.01	0.93	0.84	0.74	0.63	0.52	0.41	0.30	0.19	0.09	0.00	-0.08	-0.14	-0.20	-0.24	-0.26	-0.28	-0.28	-0.26	-0.24	-0.21	-0.17	-0.13	-0.08	-0.03	0.01	0.06	0.10	0.14	0.17	0.19	0.20	0.21	0.21	0.21	0.19	0.18	0.15	0.13	0.10	0.07	0.04	0.02	-0.01	-0.03	-0.05	-0.06	-0.07	
P24452_27-78	0.95	0.94	0.91	0.87	0.82	0.76	0.68	0.61	0.52	0.43	0.35	0.26	0.18	0.10	0.03	-0.04	-0.09	-0.14	-0.17	-0.20	-0.21	-0.22	-0.21	-0.20	-0.18	-0.16	-0.13	-0.10	-0.08	-0.05	-0.02	0.01	0.03	0.04	0.05	0.06	0.06	0.06	0.05	0.03	0.02	-0.00	-0.02	-0.05	-0.07	-0.09	-0.11	-0.12	-0.14	-0.15	-0.15	-0.16	
P24452_27-78	1.12	1.10	1.07	1.02	0.96	0.88	0.79	0.70	0.60	0.49	0.39	0.28	0.18	0.09	0.01	-0.07	-0.13	-0.19	-0.23	-0.25	-0.27	-0.27	-0.27	-0.25	-0.23	-0.20	-0.16	-0.13	-0.09	-0.05	-0.02	0.01	0.04	0.06	0.07	0.08	0.08	0.08	0.07	0.05	0.03	0.01	-0.02	-0.05	-0.07	-0.10	-0.12	-0.14	-0.16	-0.17	-0.18	-0.18	
P24452_27-78	1.27	1.25	1.21	1.15	1.08	0.99	0.88	0.77	0.65	0.53	0.41	0.29	0.17	0.07	-0.03	-0.12	-0.19	-0.24	-0.29	-0.31	-0.33	-0.32	-0.31	-0.29	-0.25	-0.21	-0.17	-0.12	-0.07	-0.03	0.02	0.05	0.08	0.11	0.12	0.13	0.13	0.12	0.10	0.08	0.06	0.03	0.00	-0.03	-0.06	-0.08	-0.11	-0.12	-0.14	-0.14	-0.14	-0.14	
P24452_27-78	1.28	1.26	1.22	1.16	1.08	0.99	0.88	0.76	0.64	0.51	0.38	0.26	0.14	0.03	-0.07	-0.15	-0.23	-0.28	-0.32	-0.35	-0.36	-0.35	-0.33	-0.31	-0.27	-0.23	-0.18	-0.13	-0.08	-0.03	0.01	0.05	0.08	0.10	0.11	0.11	0.10	0.09	0.07	0.04	0.01	-0.02	-0.06	-0.09	-0.13	-0.16	-0.18	-0.20	-0.21	-0.22	-0.22	-0.21	
P24452_27-78	1.18	1.16	1.12	1.07	1.00	0.91	0.81	0.71	0.60	0.48	0.37	0.25	0.14	0.04	-0.05	-0.13	-0.19	-0.24	-0.28	-0.31	-0.31	-0.31	-0.29	-0.26	-0.23	-0.18	-0.14	-0.09	-0.03	0.02	0.06	0.10	0.14	0.17	0.18	0.19	0.20	0.19	0.18	0.15	0.13	0.10	0.06	0.03	-0.00	-0.04	-0.07	-0.09	-0.11	-0.12	-0.13	-0.13	
P24452_27-78	0.74	0.73	0.71	0.68	0.64	0.59	0.54	0.48	0.41	0.35	0.28	0.21	0.15	0.09	0.04	-0.01	-0.05	-0.09	-0.11	-0.13	-0.14	-0.14	-0.13	-0.12	-0.10	-0.08	-0.05	-0.03	0.00	0.03	0.06	0.09	0.11	0.13	0.14	0.15	0.16	0.16	0.16	0.15	0.14	0.13	0.12	0.10	0.08	0.07	0.05	0.04	0.02	0.01	0.00	-0.00	
P24452_27-78	1.16	1.14	1.11	1.06	1.00	0.92	0.83	0.74	0.64	0.53	0.43	0.32	0.22	0.13	0.04	-0.03	-0.10	-0.15	-0.19	-0.22	-0.24	-0.24	-0.24	-0.23	-0.21	-0.18	-0.15	-0.12	-0.09	-0.06	-0.03	-0.01	0.01	0.03	0.04	0.04	0.04	0.04	0.03	0.01	-0.01	-0.03	-0.04	-0.06	-0.08	-0.10	-0.11	-0.12	-0.13	-0.13	-0.13	-0.13	
P24452_27-78	1.63	1.61	1.55	1.47	1.36	1.24	1.09	0.94	0.77	0.60	0.44	0.27	0.12	-0.02	-0.15	-0.26	-0.34	-0.41	-0.45	-0.47	-0.47	-0.45	-0.41	-0.36	-0.30	-0.23	-0.15	-0.07	0.01	0.08	0.14	0.19	0.24	0.27	0.28	0.28	0.27	0.25	0.22	0.18	0.13	0.07	0.02	-0.04	-0.09	-0.13	-0.17	-0.21	-0.23	-0.24	-0.24	-0.24	
P24452_51-102	1.41	1.38	1.34	1.28	1.20	1.11	1.00	0.88	0.76	0.63	0.49	0.36	0.24	0.12	0.01	-0.09	-0.18	-0.25	-0.30	-0.34	-0.36	-0.37	-0.37	-0.35	-0.32	-0.29	-0.24	-0.20	-0.15	-0.10	-0.05	-0.00	0.04	0.07	0.10	0.12	0.13	0.14	0.13	0.12	0.11	0.09	0.06	0.04	0.01	-0.02	-0.04	-0.06	-0.08	-0.10	-0.11	-0.11	
P24452_51-102	1.24	1.22	1.19	1.13	1.07	0.99	0.89	0.79	0.68	0.57	0.45	0.34	0.23	0.12	0.03	-0.06	-0.13	-0.20	-0.25	-0.28	-0.31	-0.32	-0.32	-0.31	-0.28	-0.25	-0.22	-0.18	-0.14	-0.09	-0.05	-0.01	0.03	0.06	0.08	0.10	0.12	0.12	0.12	0.12	0.10	0.09	0.07	0.05	0.02	-0.00	-0.02	-0.05	-0.06	-0.08	-0.09	-0.10	
P24452_51-102	0.94	0.92	0.89	0.85	0.79	0.73	0.65	0.57	0.48	0.39	0.29	0.20	0.11	0.03	-0.05	-0.12	-0.18	-0.23	-0.26	-0.29	-0.30	-0.31	-0.30	-0.29	-0.27	-0.24	-0.21	-0.17	-0.13	-0.09	-0.06	-0.02	0.01	0.04	0.06	0.08	0.09	0.09	0.09	0.09	0.08	0.06	0.05	0.03	0.01	-0.02	-0.04	-0.06	-0.07	-0.09	-0.10	-0.11	
P24452_51-102	1.15	1.14	1.10	1.05	0.98	0.89	0.80	0.69	0.58	0.47	0.35	0.24	0.13	0.03	-0.07	-0.15	-0.22	-0.28	-0.32	-0.35	-0.37	-0.37	-0.36	-0.34	-0.31	-0.28	-0.23	-0.19	-0.14	-0.09	-0.05	-0.01	0.03	0.06	0.08	0.10	0.11	0.12	0.11	0.10	0.09	0.07	0.05	0.02	-0.00	-0.03	-0.05	-0.07	-0.09	-0.11	-0.12	-0.13	
P24452_51-102	1.26	1.24	1.20	1.14	1.07	0.98	0.88	0.77	0.65	0.53	0.42	0.30	0.19	0.09	0.00	-0.07	-0.14	-0.19	-0.22	-0.24	-0.24	-0.23	-0.21	-0.18	-0.15	-0.10	-0.06	-0.01	0.03	0.07	0.11	0.14	0.16	0.17	0.18	0.17	0.16	0.14	0.11	0.08	0.05	0.01	-0.03	-0.06	-0.10	-0.12	-0.15	-0.16	-0.17	-0.17	-0.17	-0.16	
P24452_51-102	1.22	1.20	1.16	1.11	1.03	0.95	0.85	0.75	0.63	0.52	0.41	0.29	0.19	0.09	0.01	-0.06	-0.12	-0.17	-0.20	-0.21	-0.22	-0.21	-0.19	-0.16	-0.12	-0.08	-0.04	-0.00	0.04	0.07	0.10	0.12	0.14	0.14	0.14	0.13	0.11	0.09	0.06	0.02	-0.02	-0.05	-0.09	-0.13	-0.16	-0.18	-0.20	-0.21	-0.22	-0.21	-0.20	-0.19	
P24452_51-102	1.25	1.23	1.19	1.14	1.06	0.97	0.87	0.76	0.64	0.52	0.40	0.28	0.17	0.07	-0.02	-0.09	-0.15	-0.20	-0.23	-0.25	-0.25	-0.24	-0.21	-0.18	-0.14	-0.10	-0.05	-0.00	0.04	0.09	0.12	0.15	0.17	0.18	0.17	0.17	0.15	0.12	0.09	0.05	0.01	-0.03	-0.07	-0.11	-0.15	-0.18	-0.21	-0.22	-0.23	-0.23	-0.22	-0.20	
P24452_51-102	0.72	0.71	0.69	0.66	0.62	0.57	0.51	0.45	0.39	0.32	0.25	0.19	0.13	0.07	0.02	-0.02	-0.06	-0.09	-0.10	-0.11	-0.11	-0.11	-0.09	-0.07	-0.05	-0.02	0.01	0.04	0.07	0.10	0.12	0.14	0.16	0.17	0.17	0.17	0.16	0.15	0.13	0.10	0.07	0.04	0.01	-0.02	-0.05	-0.09	-0.11	-0.14	-0.15	-0.17	-0.18	-0.18	
P24452_51-102	1.11	1.09	1.06	1.01	0.95	0.88	0.79	0.70	0.60	0.50	0.39	0.29	0.19	0.09	-0.00	-0.09	-0.16	-0.22	-0.28	-0.32	-0.34	-0.36	-0.36	-0.36	-0.34	-0.31	-0.28	-0.25	-0.21	-0.16	-0.12	-0.07	-0.03	0.01	0.04	0.07	0.10	0.12	0.14	0.15	0.15	0.15	0.14	0.14	0.12	0.11	0.09	0.08	0.06	0.04	0.03	0.01	
P24452_51-102	1.77	1.74	1.69	1.60	1.50	1.37	1.23	1.07	0.91	0.74	0.57	0.40	0.24	0.10	-0.03	-0.15	-0.24	-0.31	-0.36	-0.39	-0.40	-0.40	-0.37	-0.33	-0.28	-0.23	-0.16	-0.10	-0.04	0.02	0.07	0.11	0.14	0.16	0.17	0.16	0.15	0.12	0.09	0.05	0.00	-0.05	-0.09	-0.14	-0.18	-0.21	-0.24	-0.26	-0.26	-0.26	-0.25	-0.22	
P24452_52-103	1.45	1.43	1.38	1.32	1.23	1.13	1.01	0.88	0.74	0.60	0.46	0.32	0.18	0.06	-0.05	-0.15	-0.23	-0.30	-0.35	-0.38	-0.39	-0.39	-0.38	-0.35	-0.31	-0.26	-0.21	-0.16	-0.10	-0.05	-0.00	0.04	0.07	0.10	0.12	0.13	0.13	0.12	0.11	0.09	0.06	0.03	0.00	-0.03	-0.06	-0.08	-0.10	-0.12	-0.13	-0.14	-0.14	-0.13	
P24452_52-103	1.30	1.27	1.23	1.17	1.10	1.00	0.90	0.78	0.66	0.54	0.41	0.29	0.17	0.06	-0.04	-0.12	-0.20	-0.26	-0.30	-0.33	-0.34	-0.34	-0.32	-0.30	-0.26	-0.22	-0.18	-0.13	-0.08	-0.04	0.00	0.04	0.07	0.10	0.11	0.12	0.12	0.11	0.10	0.08	0.06	0.03	0.01	-0.02	-0.05	-0.07	-0.09	-0.10	-0.12	-0.12	-0.12	-0.11	
P24452_52-103	0.93	0.91	0.89	0.84	0.79	0.72	0.65	0.57	0.48	0.39	0.30	0.21	0.12	0.03	-0.04	-0.11	-0.17	-0.22	-0.26	-0.29	-0.30	-0.31	-0.31	-0.30	-0.28	-0.25	-0.22	-0.18	-0.15	-0.11	-0.07	-0.04	-0.00	0.02	0.05	0.06	0.08	0.08	0.08	0.08	0.07	0.06	0.04	0.02	0.01	-0.01	-0.03	-0.05	-0.07	-0.08	-0.10	-0.11	
P24452_52-103	1.12	1.10	1.07	1.02	0.95	0.88	0.79	0.69	0.59	0.48	0.37	0.26	0.15	0.05	-0.04	-0.12	-0.20	-0.26	-0.31	-0.34	-0.36	-0.37	-0.37	-0.36	-0.33	-0.30	-0.27	-0.22	-0.18	-0.14	-0.09	-0.05	-0.01	0.02	0.05	0.07	0.09	0.10	0.10	0.10	0.09	0.08	0.06	0.04	0.01	-0.01	-0.03	-0.06	-0.08	-0.10	-0.11	-0.12	
P24452_52-103	1.25	1.23	1.19	1.14	1.07	0.98	0.88	0.78	0.66	0.55	0.43	0.32	0.21	0.11	0.02	-0.05	-0.12	-0.17	-0.20	-0.22	-0.23	-0.22	-0.20	-0.18	-0.14	-0.10	-0.06	-0.01	0.03	0.07	0.11	0.14	0.16	0.18	0.18	0.18	0.17	0.15	0.13	0.10	0.07	0.03	-0.00	-0.04	-0.07	-0.10	-0.12	-0.14	-0.16	-0.16	-0.16	-0.15	
P24452_52-103	1.18	1.17	1.13	1.08	1.02	0.94	0.85	0.75	0.65	0.55	0.44	0.34	0.24	0.15	0.06	-0.01	-0.07	-0.12	-0.15	-0.18	-0.19	-0.19	-0.17	-0.16	-0.13	-0.10	-0.06	-0.02	0.01	0.05	0.08	0.10	0.12	0.13	0.14	0.14	0.13	0.11	0.09	0.06	0.03	-0.00	-0.04	-0.07	-0.10	-0.13	-0.15	-0.17	-0.18	-0.19	-0.19	-0.18	
P24452_52-103	1.29	1.27	1.23	1.16	1.09	0.99	0.88	0.77	0.65	0.52	0.40	0.28	0.16	0.06	-0.03	-0.11	-0.17	-0.21	-0.24	-0.25	-0.25	-0.23	-0.21	-0.17	-0.12	-0.07	-0.02	0.03	0.08	0.12	0.16	0.19	0.21	0.22	0.22	0.20	0.18	0.15	0.11	0.07	0.03	-0.02	-0.07	-0.11	-0.16	-0.19	-0.22	-0.24	-0.25	-0.25	-0.24	-0.22	
P24452_52-103	0.80	0.78	0.75	0.71	0.66	0.60	0.53	0.45	0.37	0.29	0.21	0.14	0.07	0.00	-0.05	-0.10	-0.13	-0.15	-0.16	-0.16	-0.15	-0.13	-0.10	-0.06	-0.02	0.02	0.06	0.10	0.14	0.17	0.20	0.22	0.23	0.24	0.23	0.22	0.20	0.17	0.14	0.10	0.06	0.02	-0.02	-0.06	-0.10	-0.13	-0.16	-0.18	-0.19	-0.20	-0.20	-0.19	
P24452_52-103	1.08	1.07	1.04	0.99	0.93	0.86	0.78	0.69	0.60	0.50	0.39	0.29	0.19	0.09	0.00	-0.08	-0.15	-0.21	-0.27	-0.31	-0.34	-0.36	-0.37	-0.36	-0.35	-0.33	-0.30	-0.27	-0.23	-0.19	-0.15	-0.11	-0.07	-0.03	0.00	0.03	0.06	0.08	0.10	0.11	0.12	0.12	0.12	0.12	0.11	0.10	0.09	0.08	0.06	0.05	0.04	0.02	
P24452_52-103	1.79	1.76	1.71	1.63	1.52	1.39	1.25	1.09	0.93	0.76	0.59	0.42	0.27	0.12	-0.01	-0.12	-0.22	-0.29	-0.34	-0.37	-0.38	-0.38	-0.35	-0.31	-0.26	-0.20	-0.14	-0.08	-0.01	0.04	0.10	0.14	0.17	0.19	0.20	0.20	0.18	0.15	0.12	0.08	0.03	-0.02	-0.07	-0.12	-0.16	-0.20	-0.23	-0.25	-0.27	-0.27	-0.26	-0.24	
P24452_76-127	1.42	1.40	1.35	1.29	1.21	1.12	1.01	0.89	0.77	0.64	0.51	0.39	0.27	0.16	0.06	-0.03	-0.10	-0.16	-0.21	-0.23	-0.25	-0.25	-0.23	-0.21	-0.17	-0.13	-0.09	-0.05	-0.00	0.04	0.08	0.11	0.14	0.15	0.16	0.16	0.16	0.14	0.12	0.10	0.07	0.04	0.00	-0.03	-0.06	-0.08	-0.10	-0.12	-0.13	-0.13	-0.12	-0.11	
P24452_76-127	1.24	1.22	1.18	1.13	1.06	0.98	0.89	0.79	0.68	0.57	0.46	0.35	0.24	0.15	0.06	-0.02	-0.08	-0.13	-0.17	-0.19	-0.20	-0.20	-0.19	-0.17	-0.14	-0.11	-0.07	-0.04	0.00	0.03	0.07	0.09	0.11	0.12	0.13	0.13	0.12	0.11	0.09	0.07	0.04	0.01	-0.01	-0.04	-0.06	-0.08	-0.09	-0.10	-0.11	-0.11	-0.10	-0.09	
P24452_76-127	1.04	1.02	0.99	0.95	0.89	0.82	0.74	0.65	0.56	0.46	0.37	0.28	0.19	0.10	0.03	-0.04	-0.09	-0.13	-0.17	-0.19	-0.19	-0.19	-0.18	-0.16	-0.13	-0.10	-0.07	-0.03	0.01	0.04	0.07	0.10	0.12	0.14	0.15	0.15	0.15	0.14	0.13	0.11	0.09	0.07	0.04	0.02	-0.01	-0.03	-0.05	-0.07	-0.08	-0.09	-0.09	-0.09	
P24452_76-127	1.24	1.22	1.19	1.13	1.06	0.98	0.89	0.78	0.67	0.56	0.45	0.33	0.23	0.13	0.04	-0.04	-0.11	-0.16	-0.20	-0.22	-0.23	-0.23	-0.22	-0.19	-0.16	-0.12	-0.08	-0.04	0.01	0.05	0.09	0.12	0.15	0.17	0.19	0.20	0.20	0.19	0.17	0.15	0.13	0.10	0.07	0.04	0.01	-0.02	-0.05	-0.07	-0.09	-0.10	-0.11	-0.12	
P24452_76-127	1.19	1.17	1.13	1.07	1.00	0.92	0.82	0.71	0.59	0.47	0.35	0.24	0.12	0.02	-0.08	-0.17	-0.24	-0.30	-0.34	-0.37	-0.38	-0.38	-0.37	-0.35	-0.32	-0.28	-0.23	-0.18	-0.14	-0.09	-0.04	0.00	0.04	0.06	0.08	0.10	0.10	0.10	0.09	0.07	0.05	0.02	-0.01	-0.04	-0.07	-0.10	-0.13	-0.15	-0.17	-0.18	-0.19	-0.19	
P24452_76-127	1.14	1.12	1.08	1.03	0.96	0.88	0.78	0.67	0.56	0.44	0.33	0.21	0.10	-0.01	-0.11	-0.19	-0.27	-0.33	-0.37	-0.41	-0.42	-0.43	-0.42	-0.40	-0.37	-0.33	-0.29	-0.24	-0.19	-0.14	-0.09	-0.04	-0.00	0.04	0.06	0.09	0.10	0.11	0.11	0.10	0.08	0.07	0.04	0.02	-0.01	-0.04	-0.07	-0.09	-0.11	-0.13	-0.14	-0.15	
P24452_76-127	1.09	1.08	1.04	0.99	0.93	0.86	0.77	0.68	0.57	0.47	0.36	0.26	0.16	0.06	-0.03	-0.11	-0.18	-0.23	-0.28	-0.31	-0.33	-0.34	-0.34	-0.33	-0.31	-0.28	-0.25	-0.22	-0.19	-0.15	-0.12	-0.09	-0.06	-0.04	-0.03	-0.02	-0.02	-0.02	-0.03	-0.04	-0.06	-0.08	-0.10	-0.12	-0.14	-0.16	-0.18	-0.19	-0.20	-0.20	-0.20	-0.19	
P24452_76-127	0.68	0.67	0.65	0.61	0.58	0.53	0.47	0.41	0.35	0.28	0.21	0.14	0.08	0.02	-0.04	-0.09	-0.14	-0.18	-0.21	-0.23	-0.25	-0.25	-0.25	-0.25	-0.24	-0.22	-0.20	-0.18	-0.16	-0.13	-0.11	-0.09	-0.07	-0.06	-0.05	-0.04	-0.04	-0.04	-0.04	-0.05	-0.06	-0.08	-0.10	-0.11	-0.13	-0.15	-0.16	-0.18	-0.19	-0.20	-0.20	-0.20	
P24452_76-127	1.22	1.20	1.17	1.12	1.05	0.97	0.88	0.78	0.67	0.57	0.46	0.35	0.25	0.16	0.08	0.01	-0.05	-0.09	-0.12	-0.14	-0.14	-0.13	-0.11	-0.09	-0.05	-0.01	0.03	0.07	0.11	0.15	0.19	0.22	0.24	0.26	0.26	0.26	0.26	0.24	0.22	0.20	0.17	0.14	0.11	0.08	0.05	0.03	0.01	-0.01	-0.02	-0.03	-0.03	-0.03	
P24452_76-127	1.53	1.50	1.46	1.39	1.31	1.21	1.09	0.97	0.83	0.69	0.55	0.41	0.28	0.16	0.04	-0.06	-0.15	-0.22	-0.28	-0.32	-0.34	-0.35	-0.35	-0.33	-0.30	-0.27	-0.23	-0.18	-0.14	-0.09	-0.05	-0.02	0.01	0.04	0.05	0.06	0.05	0.04	0.03	0.00	-0.03	-0.06	-0.09	-0.12	-0.15	-0.18	-0.20	-0.22	-0.23	-0.23	-0.23	-0.21	
P24452_77-128	1.38	1.36	1.32	1.26	1.19	1.09	0.99	0.88	0.75	0.63	0.50	0.38	0.26	0.15	0.05	-0.04	-0.11	-0.17	-0.21	-0.24	-0.26	-0.26	-0.24	-0.22	-0.19	-0.15	-0.11	-0.07	-0.02	0.02	0.06	0.09	0.11	0.13	0.14	0.15	0.14	0.13	0.11	0.09	0.06	0.03	-0.00	-0.03	-0.06	-0.09	-0.11	-0.13	-0.14	-0.14	-0.14	-0.13	
P24452_77-128	1.21	1.19	1.16	1.11	1.04	0.96	0.87	0.77	0.66	0.55	0.44	0.34	0.23	0.14	0.05	-0.02	-0.09	-0.14	-0.17	-0.20	-0.21	-0.21	-0.20	-0.18	-0.16	-0.12	-0.09	-0.05	-0.02	0.02	0.05	0.07	0.09	0.11	0.12	0.12	0.11	0.10	0.08	0.06	0.03	0.01	-0.02	-0.05	-0.07	-0.09	-0.10	-0.12	-0.12	-0.12	-0.12	-0.10	
P24452_77-128	1.03	1.01	0.98	0.94	0.89	0.82	0.74	0.66	0.57	0.48	0.38	0.29	0.21	0.13	0.05	-0.01	-0.07	-0.11	-0.15	-0.17	-0.18	-0.18	-0.17	-0.16	-0.13	-0.10	-0.07	-0.04	-0.00	0.03	0.07	0.10	0.12	0.14	0.15	0.16	0.16	0.16	0.15	0.13	0.11	0.09	0.07	0.05	0.02	0.00	-0.02	-0.04	-0.05	-0.06	-0.07	-0.07	
P24452_77-128	1.22	1.21	1.17	1.12	1.05	0.97	0.88	0.79	0.68	0.57	0.46	0.35	0.25	0.15	0.06	-0.01	-0.08	-0.14	-0.18	-0.20	-0.22	-0.22	-0.21	-0.19	-0.17	-0.13	-0.09	-0.05	-0.01	0.03	0.07	0.11	0.14	0.17	0.18	0.20	0.20	0.20	0.19	0.17	0.15	0.13	0.10	0.07	0.05	0.02	-0.01	-0.03	-0.05	-0.07	-0.08	-0.09	
P24452_77-128	1.21	1.19	1.15	1.09	1.02	0.93	0.83	0.72	0.60	0.48	0.35	0.23	0.12	0.01	-0.09	-0.17	-0.24	-0.30	-0.34	-0.37	-0.38	-0.38	-0.37	-0.35	-0.31	-0.27	-0.22	-0.17	-0.12	-0.07	-0.03	0.01	0.05	0.07	0.09	0.10	0.11	0.10	0.09	0.07	0.04	0.02	-0.02	-0.05	-0.08	-0.11	-0.14	-0.16	-0.18	-0.20	-0.20	-0.20	
P24452_77-128	1.17	1.15	1.11	1.06	0.98	0.90	0.80	0.69	0.57	0.45	0.33	0.21	0.10	-0.01	-0.11	-0.20	-0.27	-0.33	-0.38	-0.41	-0.42	-0.43	-0.42	-0.39	-0.36	-0.32	-0.28	-0.23	-0.18	-0.12	-0.08	-0.03	0.01	0.04	0.07	0.09	0.10	0.10	0.10	0.09	0.07	0.05	0.03	0.00	-0.03	-0.05	-0.08	-0.10	-0.12	-0.14	-0.15	-0.16	
P24452_77-128	1.14	1.12	1.09	1.03	0.96	0.88	0.79	0.68	0.57	0.46	0.35	0.24	0.13	0.03	-0.06	-0.14	-0.20	-0.26	-0.30	-0.32	-0.34	-0.34	-0.33	-0.31	-0.28	-0.25	-0.21	-0.18	-0.14	-0.10	-0.07	-0.04	-0.02	-0.01	0.00	0.00	-0.00	-0.02	-0.03	-0.06	-0.08	-0.11	-0.14	-0.17	-0.19	-0.21	-0.23	-0.24	-0.25	-0.25	-0.24	-0.23	
P24452_77-128	0.77	0.75	0.73	0.69	0.64	0.57	0.50	0.43	0.35	0.26	0.18	0.10	0.03	-0.04	-0.10	-0.15	-0.20	-0.23	-0.25	-0.26	-0.26	-0.25	-0.24	-0.22	-0.19	-0.16	-0.13	-0.10	-0.07	-0.04	-0.02	-0.00	0.01	0.01	0.01	0.01	-0.01	-0.02	-0.05	-0.07	-0.10	-0.13	-0.15	-0.18	-0.20	-0.22	-0.24	-0.25	-0.25	-0.25	-0.24	-0.23	
P24452_77-128	1.16	1.15	1.11	1.07	1.01	0.93	0.85	0.76	0.67	0.57	0.47	0.37	0.28	0.19	0.11	0.04	-0.02	-0.07	-0.10	-0.13	-0.14	-0.14	-0.13	-0.11	-0.08	-0.05	-0.02	0.02	0.06	0.10	0.13	0.17	0.19	0.22	0.23	0.24	0.24	0.24	0.23	0.21	0.19	0.17	0.15	0.12	0.10	0.08	0.05	0.03	0.02	0.01	-0.00	-0.01	
P24452_77-128	1.56	1.54	1.49	1.42	1.33	1.22	1.09	0.96	0.81	0.67	0.52	0.37	0.23	0.11	-0.01	-0.11	-0.20	-0.27	-0.32	-0.35	-0.36	-0.36	-0.35	-0.32	-0.28	-0.24	-0.19	-0.14	-0.09	-0.05	-0.01	0.03	0.05	0.07	0.08	0.07	0.06	0.04	0.01	-0.02	-0.06	-0.10	-0.15	-0.18	-0.22	-0.25	-0.27	-0.29	-0.30	-0.30	-0.29	-0.27	
P24452_101-152	1.36	1.34	1.30	1.23	1.15	1.05	0.94	0.82	0.69	0.55	0.42	0.29	0.16	0.04	-0.06	-0.15	-0.23	-0.29	-0.33	-0.36	-0.37	-0.37	-0.35	-0.32	-0.28	-0.23	-0.17	-0.12	-0.06	-0.00	0.05	0.10	0.14	0.17	0.19	0.20	0.20	0.20	0.19	0.16	0.14	0.11	0.07	0.04	0.00	-0.03	-0.06	-0.09	-0.11	-0.13	-0.14	-0.14	
P24452_101-152	1.17	1.15	1.11	1.06	0.99	0.91	0.81	0.71	0.60	0.48	0.37	0.26	0.15	0.05	-0.04	-0.12	-0.19	-0.24	-0.28	-0.31	-0.32	-0.32	-0.30	-0.28	-0.25	-0.21	-0.16	-0.11	-0.06	-0.01	0.03	0.07	0.11	0.14	0.16	0.17	0.18	0.18	0.17	0.16	0.14	0.11	0.09	0.06	0.03	0.00	-0.02	-0.05	-0.07	-0.08	-0.09	-0.09	
P24452_101-152	0.99	0.97	0.94	0.90	0.84	0.77	0.69	0.60	0.51	0.41	0.31	0.22	0.13	0.05	-0.03	-0.09	-0.15	-0.19	-0.22	-0.24	-0.25	-0.24	-0.23	-0.21	-0.18	-0.15	-0.11	-0.07	-0.03	0.01	0.04	0.07	0.10	0.11	0.12	0.13	0.13	0.12	0.10	0.08	0.06	0.03	0.00	-0.02	-0.05	-0.08	-0.10	-0.12	-0.14	-0.15	-0.15	-0.15	
P24452_101-152	1.19	1.17	1.13	1.08	1.00	0.92	0.82	0.71	0.60	0.48	0.37	0.25	0.15	0.05	-0.04	-0.12	-0.19	-0.24	-0.28	-0.30	-0.30	-0.30	-0.28	-0.25	-0.22	-0.17	-0.12	-0.08	-0.03	0.02	0.06	0.10	0.13	0.15	0.17	0.17	0.17	0.15	0.13	0.11	0.08	0.04	0.00	-0.03	-0.07	-0.11	-0.14	-0.17	-0.19	-0.21	-0.22	-0.22	
P24452_101-152	1.26	1.24	1.21	1.15	1.08	1.00	0.90	0.79	0.68	0.56	0.45	0.33	0.22	0.11	0.02	-0.07	-0.14	-0.20	-0.24	-0.27	-0.29	-0.30	-0.29	-0.27	-0.25	-0.21	-0.18	-0.13	-0.09	-0.05	-0.01	0.02	0.05	0.07	0.09	0.09	0.10	0.09	0.08	0.06	0.04	0.02	-0.01	-0.04	-0.06	-0.08	-0.11	-0.12	-0.13	-0.14	-0.14	-0.14	
P24452_101-152	1.25	1.23	1.20	1.14	1.08	1.00	0.90	0.80	0.70	0.58	0.47	0.36	0.26	0.16	0.07	-0.01	-0.08	-0.14	-0.18	-0.21	-0.23	-0.24	-0.23	-0.22	-0.19	-0.17	-0.13	-0.10	-0.06	-0.02	0.01	0.04	0.06	0.08	0.10	0.10	0.10	0.09	0.08	0.06	0.04	0.02	-0.01	-0.03	-0.05	-0.08	-0.10	-0.11	-0.12	-0.13	-0.13	-0.12	
P24452_101-152	1.21	1.19	1.15	1.09	1.02	0.93	0.83	0.72	0.60	0.48	0.36	0.25	0.13	0.03	-0.06	-0.14	-0.21	-0.26	-0.30	-0.33	-0.33	-0.33	-0.31	-0.29	-0.25	-0.21	-0.16	-0.12	-0.07	-0.02	0.02	0.05	0.08	0.11	0.12	0.13	0.12	0.12	0.10	0.08	0.06	0.03	0.00	-0.02	-0.05	-0.07	-0.09	-0.10	-0.11	-0.11	-0.10	-0.09	
P24452_101-152	0.83	0.81	0.78	0.74	0.68	0.62	0.54	0.46	0.37	0.28	0.19	0.11	0.03	-0.04	-0.10	-0.15	-0.19	-0.22	-0.24	-0.25	-0.24	-0.22	-0.20	-0.17	-0.14	-0.10	-0.06	-0.02	0.01	0.04	0.07	0.09	0.10	0.11	0.10	0.09	0.08	0.05	0.03	-0.00	-0.04	-0.07	-0.10	-0.13	-0.15	-0.17	-0.19	-0.19	-0.20	-0.19	-0.18	-0.16	
P24452_101-152	1.06	1.04	1.01	0.97	0.91	0.84	0.76	0.68	0.58	0.49	0.39	0.29	0.20	0.11	0.03	-0.05	-0.11	-0.16	-0.20	-0.23	-0.25	-0.26	-0.26	-0.25	-0.23	-0.20	-0.17	-0.13	-0.09	-0.05	-0.01	0.02	0.06	0.09	0.11	0.13	0.14	0.15	0.15	0.14	0.13	0.12	0.10	0.08	0.05	0.03	0.01	-0.02	-0.04	-0.05	-0.07	-0.08	
P24452_101-152	1.64	1.61	1.56	1.48	1.38	1.26	1.12	0.97	0.81	0.64	0.47	0.31	0.16	0.01	-0.12	-0.24	-0.34	-0.42	-0.48	-0.51	-0.53	-0.53	-0.52	-0.48	-0.44	-0.38	-0.32	-0.26	-0.19	-0.12	-0.06	-0.00	0.05	0.09	0.12	0.14	0.15	0.16	0.15	0.14	0.12	0.09	0.07	0.04	0.01	-0.02	-0.04	-0.06	-0.07	-0.07	-0.07	-0.07	
P24452_102-153	1.39	1.37	1.33	1.26	1.17	1.07	0.95	0.82	0.68	0.54	0.40	0.27	0.14	0.02	-0.09	-0.18	-0.26	-0.32	-0.36	-0.38	-0.39	-0.37	-0.35	-0.31	-0.27	-0.21	-0.15	-0.09	-0.03	0.02	0.07	0.12	0.16	0.18	0.20	0.21	0.21	0.20	0.18	0.15	0.12	0.08	0.05	0.01	-0.03	-0.06	-0.09	-0.11	-0.13	-0.14	-0.14	-0.14	
P24452_102-153	1.21	1.19	1.15	1.09	1.02	0.93	0.82	0.71	0.60	0.48	0.35	0.24	0.12	0.02	-0.07	-0.15	-0.22	-0.27	-0.30	-0.33	-0.33	-0.32	-0.30	-0.27	-0.23	-0.19	-0.14	-0.08	-0.03	0.02	0.06	0.10	0.14	0.16	0.18	0.18	0.18	0.18	0.16	0.14	0.11	0.09	0.06	0.03	-0.00	-0.03	-0.05	-0.07	-0.08	-0.09	-0.09	-0.09	
P24452_102-153	0.97	0.96	0.93	0.88	0.83	0.76	0.69	0.60	0.51	0.42	0.33	0.24	0.15	0.07	-0.00	-0.07	-0.12	-0.17	-0.20	-0.22	-0.23	-0.23	-0.22	-0.21	-0.18	-0.15	-0.12	-0.08	-0.05	-0.01	0.02	0.06	0.08	0.10	0.12	0.12	0.13	0.12	0.11	0.10	0.08	0.06	0.03	0.01	-0.02	-0.04	-0.07	-0.09	-0.11	-0.12	-0.13	-0.13	
P24452_102-153	1.17	1.16	1.12	1.06	1.00	0.91	0.82	0.72	0.61	0.49	0.38	0.27	0.16	0.06	-0.03	-0.11	-0.17	-0.22	-0.26	-0.29	-0.30	-0.29	-0.28	-0.25	-0.22	-0.18	-0.14	-0.09	-0.04	0.00	0.05	0.09	0.12	0.14	0.16	0.17	0.17	0.16	0.15	0.12	0.10	0.07	0.03	-0.00	-0.04	-0.07	-0.11	-0.14	-0.16	-0.18	-0.19	-0.20	
P24452_102-153	1.26	1.24	1.20	1.14	1.07	0.99	0.89	0.79	0.67	0.56	0.44	0.32	0.21	0.10	0.01	-0.08	-0.15	-0.21	-0.25	-0.28	-0.30	-0.31	-0.30	-0.28	-0.25	-0.22	-0.18	-0.14	-0.10	-0.06	-0.02	0.02	0.04	0.07	0.08	0.09	0.09	0.09	0.07	0.05	0.03	0.01	-0.02	-0.05	-0.08	-0.10	-0.12	-0.14	-0.16	-0.16	-0.17	-0.16	
P24452_102-153	1.22	1.21	1.17	1.12	1.06	0.98	0.89	0.79	0.69	0.58	0.47	0.36	0.26	0.16	0.07	-0.01	-0.08	-0.14	-0.18	-0.22	-0.24	-0.24	-0.24	-0.23	-0.21	-0.18	-0.15	-0.11	-0.08	-0.04	-0.01	0.02	0.05	0.07	0.09	0.09	0.10	0.09	0.08	0.07	0.05	0.02	-0.00	-0.03	-0.05	-0.07	-0.10	-0.11	-0.13	-0.14	-0.14	-0.14	
P24452_102-153	1.20	1.18	1.14	1.08	1.01	0.92	0.82	0.71	0.60	0.48	0.36	0.24	0.13	0.03	-0.06	-0.15	-0.21	-0.27	-0.31	-0.33	-0.34	-0.34	-0.33	-0.30	-0.27	-0.23	-0.18	-0.14	-0.09	-0.04	-0.00	0.04	0.07	0.09	0.11	0.11	0.11	0.11	0.09	0.07	0.05	0.02	-0.01	-0.03	-0.06	-0.09	-0.11	-0.12	-0.13	-0.14	-0.13	-0.13	
P24452_102-153	0.80	0.78	0.76	0.72	0.67	0.61	0.55	0.47	0.40	0.32	0.24	0.16	0.09	0.02	-0.04	-0.09	-0.14	-0.17	-0.19	-0.21	-0.21	-0.21	-0.19	-0.17	-0.15	-0.12	-0.09	-0.05	-0.02	0.01	0.04	0.06	0.08	0.09	0.10	0.10	0.09	0.08	0.06	0.04	0.02	-0.01	-0.04	-0.07	-0.09	-0.12	-0.14	-0.15	-0.16	-0.17	-0.17	-0.16	
P24452_102-153	1.09	1.08	1.04	1.00	0.93	0.86	0.77	0.68	0.58	0.48	0.38	0.27	0.18	0.09	0.00	-0.07	-0.13	-0.18	-0.22	-0.24	-0.26	-0.26	-0.25	-0.23	-0.20	-0.17	-0.14	-0.10	-0.06	-0.02	0.02	0.05	0.08	0.11	0.12	0.14	0.14	0.14	0.14	0.12	0.11	0.09	0.07	0.05	0.03	0.01	-0.01	-0.03	-0.04	-0.05	-0.06	-0.06	
P24452_102-153	1.65	1.62	1.57	1.49	1.38	1.26	1.12	0.96	0.80	0.63	0.46	0.29	0.13	-0.01	-0.15	-0.27	-0.36	-0.44	-0.50	-0.54	-0.55	-0.55	-0.53	-0.50	-0.45	-0.39	-0.33	-0.26	-0.19	-0.12	-0.06	-0.01	0.04	0.08	0.11	0.13	0.13	0.13	0.12	0.10	0.08	0.05	0.02	-0.01	-0.04	-0.07	-0.09	-0.11	-0.12	-0.12	-0.12	-0.11	
P24452_126-177	1.32	1.30	1.26	1.21	1.14	1.05	0.95	0.85	0.73	0.62	0.50	0.38	0.27	0.16	0.06	-0.02	-0.10	-0.16	-0.21	-0.24	-0.27	-0.27	-0.27	-0.26	-0.24	-0.21	-0.18	-0.14	-0.10	-0.07	-0.04	-0.01	0.02	0.04	0.05	0.05	0.05	0.05	0.03	0.02	-0.01	-0.03	-0.05	-0.08	-0.10	-0.12	-0.14	-0.15	-0.16	-0.17	-0.17	-0.16	
P24452_126-177	1.15	1.13	1.10	1.05	0.99	0.91	0.83	0.73	0.63	0.53	0.43	0.32	0.23	0.13	0.05	-0.03	-0.09	-0.14	-0.18	-0.21	-0.23	-0.23	-0.23	-0.22	-0.20	-0.17	-0.14	-0.11	-0.08	-0.05	-0.02	0.00	0.02	0.04	0.05	0.05	0.05	0.04	0.03	0.01	-0.01	-0.03	-0.05	-0.07	-0.09	-0.11	-0.13	-0.14	-0.14	-0.15	-0.14	-0.14	
P24452_126-177	1.02	1.01	0.97	0.92	0.86	0.78	0.70	0.60	0.50	0.40	0.30	0.20	0.11	0.02	-0.06	-0.12	-0.18	-0.22	-0.24	-0.26	-0.26	-0.25	-0.23	-0.20	-0.17	-0.13	-0.09	-0.04	-0.00	0.04	0.07	0.10	0.12	0.13	0.14	0.13	0.12	0.11	0.09	0.06	0.03	-0.00	-0.04	-0.07	-0.10	-0.13	-0.15	-0.16	-0.18	-0.18	-0.18	-0.17	
P24452_126-177	1.25	1.23	1.19	1.13	1.05	0.96	0.85	0.74	0.62	0.49	0.37	0.25	0.13	0.03	-0.06	-0.14	-0.21	-0.26	-0.29	-0.31	-0.31	-0.30	-0.28	-0.24	-0.20	-0.16	-0.11	-0.06	-0.01	0.04	0.08	0.11	0.14	0.15	0.16	0.15	0.14	0.12	0.09	0.06	0.02	-0.02	-0.06	-0.10	-0.14	-0.17	-0.20	-0.22	-0.23	-0.24	-0.24	-0.23	
P24452_126-177	1.21	1.19	1.16	1.10	1.04	0.96	0.87	0.77	0.66	0.55	0.43	0.32	0.22	0.12	0.02	-0.06	-0.13	-0.19	-0.24	-0.27	-0.29	-0.29	-0.29	-0.27	-0.25	-0.22	-0.18	-0.14	-0.09	-0.05	-0.01	0.03	0.06	0.09	0.12	0.13	0.14	0.14	0.14	0.13	0.11	0.09	0.07	0.04	0.01	-0.01	-0.04	-0.06	-0.08	-0.09	-0.11	-0.11	
P24452_126-177	1.26	1.24	1.20	1.14	1.07	0.98	0.88	0.76	0.65	0.52	0.40	0.28	0.16	0.05	-0.05	-0.14	-0.22	-0.28	-0.32	-0.36	-0.37	-0.37	-0.36	-0.34	-0.30	-0.26	-0.21	-0.16	-0.10	-0.04	0.01	0.06	0.11	0.15	0.18	0.20	0.22	0.23	0.22	0.21	0.20	0.17	0.15	0.12	0.08	0.05	0.02	-0.01	-0.04	-0.07	-0.09	-0.10	
P24452_126-177	1.19	1.17	1.14	1.09	1.03	0.95	0.86	0.77	0.67	0.56	0.46	0.35	0.25	0.15	0.06	-0.02	-0.09	-0.15	-0.20	-0.24	-0.26	-0.28	-0.28	-0.27	-0.25	-0.23	-0.20	-0.17	-0.14	-0.10	-0.06	-0.03	-0.00	0.02	0.05	0.06	0.07	0.08	0.08	0.07	0.07	0.05	0.04	0.03	0.01	-0.01	-0.02	-0.03	-0.04	-0.05	-0.05	-0.05	
P24452_126-177	0.72	0.71	0.69	0.67	0.64	0.60	0.56	0.51	0.45	0.40	0.34	0.28	0.22	0.17	0.11	0.06	0.01	-0.03	-0.07	-0.10	-0.13	-0.15	-0.16	-0.17	-0.18	-0.18	-0.17	-0.17	-0.16	-0.15	-0.13	-0.12	-0.10	-0.09	-0.07	-0.06	-0.05	-0.03	-0.03	-0.02	-0.01	-0.01	-0.00	0.00	0.00	0.00	0.01	0.01	0.01	0.01	0.01	0.02	
P24452_126-177	1.15	1.13	1.09	1.03	0.96	0.87	0.77	0.66	0.54	0.42	0.30	0.19	0.08	-0.01	-0.10	-0.17	-0.23	-0.27	-0.30	-0.31	-0.30	-0.28	-0.25	-0.21	-0.16	-0.11	-0.05	0.00	0.06	0.11	0.15	0.19	0.21	0.23	0.23	0.23	0.22	0.19	0.16	0.12	0.08	0.03	-0.01	-0.06	-0.10	-0.15	-0.18	-0.21	-0.23	-0.25	-0.25	-0.25	
P24452_126-177	1.63	1.61	1.56	1.50	1.42	1.32	1.20	1.08	0.94	0.80	0.66	0.52	0.38	0.25	0.13	0.03	-0.07	-0.15	-0.21	-0.26	-0.29	-0.31	-0.31	-0.30	-0.28	-0.25	-0.21	-0.17	-0.12	-0.08	-0.03	0.01	0.05	0.08	0.11	0.13	0.14	0.14	0.14	0.13	0.11	0.09	0.07	0.04	0.02	-0.01	-0.03	-0.05	-0.07	-0.09	-0.10	-0.10	
P24452_127-178	1.33	1.31	1.27	1.21	1.14	1.05	0.95	0.84	0.72	0.60	0.48	0.36	0.25	0.14	0.04	-0.04	-0.12	-0.18	-0.22	-0.25	-0.27	-0.28	-0.27	-0.25	-0.23	-0.20	-0.16	-0.12	-0.09	-0.05	-0.02	0.01	0.04	0.05	0.06	0.06	0.06	0.05	0.03	0.01	-0.02	-0.05	-0.07	-0.10	-0.13	-0.15	-0.17	-0.18	-0.19	-0.19	-0.19	-0.18	
P24452_127-178	1.15	1.13	1.10	1.05	0.99	0.91	0.82	0.73	0.63	0.52	0.41	0.31	0.21	0.12	0.03	-0.04	-0.10	-0.15	-0.19	-0.22	-0.23	-0.24	-0.23	-0.22	-0.19	-0.16	-0.13	-0.10	-0.07	-0.03	-0.01	0.02	0.04	0.05	0.06	0.06	0.05	0.04	0.03	0.01	-0.02	-0.04	-0.07	-0.09	-0.11	-0.13	-0.15	-0.16	-0.17	-0.17	-0.17	-0.16	
P24452_127-178	1.02	1.00	0.97	0.92	0.86	0.78	0.69	0.60	0.50	0.39	0.29	0.19	0.10	0.01	-0.07	-0.13	-0.19	-0.23	-0.25	-0.27	-0.27	-0.26	-0.24	-0.21	-0.18	-0.14	-0.09	-0.05	-0.01	0.03	0.07	0.10	0.12	0.13	0.14	0.14	0.13	0.11	0.09	0.06	0.03	-0.00	-0.04	-0.07	-0.10	-0.13	-0.15	-0.17	-0.19	-0.19	-0.20	-0.19	
P24452_127-178	1.25	1.22	1.18	1.12	1.04	0.95	0.85	0.73	0.61	0.48	0.36	0.24	0.12	0.02	-0.08	-0.16	-0.22	-0.27	-0.30	-0.32	-0.32	-0.31	-0.29	-0.25	-0.21	-0.16	-0.11	-0.06	-0.01	0.04	0.08	0.11	0.14	0.15	0.16	0.16	0.15	0.12	0.10	0.06	0.02	-0.02	-0.06	-0.10	-0.14	-0.18	-0.21	-0.23	-0.25	-0.26	-0.26	-0.25	
P24452_127-178	1.21	1.19	1.16	1.11	1.04	0.96	0.87	0.77	0.66	0.55	0.44	0.33	0.22	0.12	0.03	-0.05	-0.12	-0.18	-0.23	-0.26	-0.28	-0.29	-0.28	-0.27	-0.24	-0.21	-0.18	-0.14	-0.09	-0.05	-0.01	0.03	0.06	0.09	0.11	0.13	0.14	0.14	0.13	0.12	0.11	0.09	0.07	0.04	0.02	-0.01	-0.03	-0.05	-0.07	-0.08	-0.09	-0.10	
P24452_127-178	1.25	1.23	1.20	1.14	1.07	0.98	0.88	0.78	0.66	0.54	0.42	0.30	0.18	0.07	-0.03	-0.12	-0.19	-0.26	-0.30	-0.34	-0.36	-0.36	-0.35	-0.33	-0.30	-0.26	-0.22	-0.17	-0.11	-0.06	-0.00	0.05	0.09	0.13	0.17	0.19	0.21	0.22	0.22	0.22	0.21	0.19	0.17	0.14	0.11	0.08	0.05	0.02	-0.01	-0.03	-0.05	-0.07	
P24452_127-178	1.17	1.16	1.13	1.08	1.02	0.95	0.87	0.78	0.68	0.58	0.48	0.38	0.28	0.18	0.09	0.01	-0.06	-0.12	-0.17	-0.21	-0.24	-0.25	-0.26	-0.26	-0.24	-0.22	-0.20	-0.17	-0.14	-0.11	-0.07	-0.04	-0.01	0.02	0.04	0.06	0.07	0.08	0.08	0.08	0.07	0.07	0.05	0.04	0.03	0.01	-0.00	-0.01	-0.03	-0.03	-0.04	-0.04	
P24452_127-178	0.71	0.70	0.69	0.66	0.63	0.60	0.55	0.51	0.45	0.40	0.34	0.29	0.23	0.18	0.12	0.07	0.03	-0.02	-0.05	-0.09	-0.11	-0.13	-0.15	-0.16	-0.17	-0.17	-0.17	-0.16	-0.15	-0.14	-0.13	-0.12	-0.11	-0.09	-0.08	-0.07	-0.06	-0.05	-0.04	-0.03	-0.03	-0.02	-0.02	-0.02	-0.02	-0.01	-0.01	-0.01	-0.01	-0.01	-0.01	-0.00	
P24452_127-178	1.16	1.14	1.10	1.04	0.96	0.87	0.76	0.65	0.53	0.41	0.29	0.17	0.06	-0.04	-0.12	-0.20	-0.26	-0.30	-0.32	-0.33	-0.33	-0.31	-0.27	-0.23	-0.18	-0.12	-0.06	-0.00	0.05	0.11	0.15	0.19	0.22	0.24	0.24	0.24	0.23	0.20	0.17	0.13	0.09	0.04	-0.01	-0.06	-0.10	-0.14	-0.18	-0.21	-0.23	-0.25	-0.26	-0.26	
P24452_127-178	1.61	1.59	1.55	1.49	1.41	1.32	1.21	1.09	0.96	0.83	0.69	0.55	0.42	0.30	0.18	0.07	-0.02	-0.10	-0.17	-0.22	-0.26	-0.28	-0.29	-0.28	-0.26	-0.24	-0.20	-0.17	-0.12	-0.08	-0.04	0.01	0.05	0.08	0.11	0.13	0.14	0.15	0.15	0.15	0.14	0.12	0.10	0.08	0.05	0.03	0.01	-0.01	-0.03	-0.05	-0.06	-0.07	
P24452_151-202	1.38	1.36	1.31	1.25	1.16	1.05	0.93	0.80	0.66	0.52	0.38	0.24	0.11	-0.01	-0.11	-0.20	-0.28	-0.33	-0.37	-0.39	-0.39	-0.37	-0.34	-0.30	-0.24	-0.18	-0.11	-0.04	0.02	0.09	0.15	0.20	0.24	0.27	0.28	0.29	0.29	0.27	0.24	0.21	0.17	0.12	0.07	0.02	-0.03	-0.07	-0.11	-0.15	-0.17	-0.19	-0.20	-0.20	
P24452_151-202	1.19	1.17	1.13	1.07	0.99	0.90	0.80	0.68	0.57	0.44	0.32	0.20	0.09	-0.01	-0.10	-0.18	-0.24	-0.29	-0.32	-0.33	-0.33	-0.32	-0.29	-0.25	-0.20	-0.15	-0.09	-0.03	0.03	0.08	0.13	0.18	0.21	0.23	0.25	0.25	0.24	0.22	0.20	0.17	0.13	0.09	0.04	-0.00	-0.04	-0.08	-0.12	-0.15	-0.17	-0.18	-0.18	-0.18	
P24452_151-202	0.96	0.94	0.92	0.88	0.82	0.76	0.69	0.61	0.53	0.44	0.35	0.26	0.18	0.10	0.02	-0.04	-0.10	-0.15	-0.18	-0.21	-0.23	-0.24	-0.23	-0.23	-0.21	-0.19	-0.17	-0.14	-0.11	-0.08	-0.06	-0.03	-0.01	0.00	0.02	0.02	0.03	0.02	0.02	0.01	-0.00	-0.02	-0.03	-0.05	-0.06	-0.08	-0.09	-0.10	-0.11	-0.11	-0.11	-0.10	
P24452_151-202	1.18	1.16	1.13	1.08	1.01	0.93	0.84	0.75	0.64	0.53	0.42	0.31	0.21	0.11	0.02	-0.06	-0.13	-0.19	-0.24	-0.27	-0.30	-0.31	-0.31	-0.30	-0.28	-0.25	-0.22	-0.19	-0.15	-0.12	-0.08	-0.05	-0.03	-0.00	0.01	0.02	0.03	0.03	0.02	0.01	-0.00	-0.02	-0.04	-0.06	-0.08	-0.09	-0.11	-0.12	-0.13	-0.13	-0.13	-0.12	
P24452_151-202	1.22	1.20	1.16	1.11	1.04	0.96	0.87	0.76	0.65	0.54	0.42	0.31	0.20	0.10	0.00	-0.08	-0.15	-0.21	-0.26	-0.29	-0.31	-0.32	-0.31	-0.30	-0.27	-0.24	-0.20	-0.16	-0.11	-0.07	-0.03	0.01	0.05	0.08	0.10	0.12	0.13	0.13	0.13	0.12	0.11	0.09	0.07	0.05	0.02	-0.00	-0.02	-0.05	-0.07	-0.08	-0.10	-0.10	
P24452_151-202	1.31	1.29	1.25	1.20	1.13	1.04	0.95	0.84	0.73	0.61	0.49	0.37	0.26	0.15	0.06	-0.03	-0.11	-0.17	-0.22	-0.25	-0.27	-0.28	-0.28	-0.27	-0.25	-0.22	-0.18	-0.15	-0.11	-0.07	-0.03	0.00	0.03	0.05	0.07	0.08	0.09	0.09	0.08	0.07	0.05	0.04	0.02	-0.01	-0.03	-0.05	-0.07	-0.08	-0.10	-0.11	-0.12	-0.12	
P24452_151-202	1.20	1.18	1.14	1.08	1.00	0.91	0.81	0.70	0.59	0.47	0.35	0.23	0.12	0.02	-0.07	-0.14	-0.21	-0.25	-0.28	-0.30	-0.30	-0.28	-0.26	-0.22	-0.17	-0.12	-0.07	-0.01	0.05	0.10	0.15	0.19	0.22	0.24	0.26	0.26	0.25	0.24	0.22	0.19	0.16	0.12	0.08	0.04	-0.01	-0.04	-0.08	-0.11	-0.13	-0.15	-0.16	-0.17	
P24452_151-202	0.74	0.72	0.70	0.65	0.60	0.53	0.46	0.38	0.30	0.21	0.13	0.05	-0.02	-0.08	-0.14	-0.18	-0.21	-0.22	-0.23	-0.22	-0.20	-0.17	-0.13	-0.08	-0.03	0.03	0.08	0.13	0.18	0.23	0.26	0.29	0.31	0.32	0.32	0.31	0.30	0.27	0.24	0.20	0.16	0.11	0.07	0.02	-0.02	-0.06	-0.10	-0.12	-0.15	-0.16	-0.17	-0.17	
P24452_151-202	1.17	1.16	1.12	1.07	1.01	0.93	0.84	0.74	0.63	0.53	0.42	0.31	0.20	0.10	0.01	-0.07	-0.14	-0.20	-0.25	-0.29	-0.31	-0.32	-0.32	-0.31	-0.29	-0.27	-0.24	-0.21	-0.17	-0.14	-0.11	-0.08	-0.05	-0.03	-0.02	-0.01	-0.01	-0.01	-0.02	-0.03	-0.04	-0.06	-0.08	-0.10	-0.11	-0.13	-0.14	-0.15	-0.15	-0.15	-0.15	-0.14	
P24452_151-202	1.61	1.58	1.53	1.46	1.36	1.25	1.12	0.97	0.82	0.67	0.51	0.36	0.21	0.08	-0.05	-0.15	-0.24	-0.31	-0.36	-0.39	-0.40	-0.40	-0.37	-0.34	-0.29	-0.23	-0.16	-0.10	-0.03	0.04	0.10	0.16	0.20	0.24	0.27	0.28	0.29	0.28	0.26	0.24	0.21	0.17	0.13	0.09	0.04	0.00	-0.04	-0.07	-0.10	-0.12	-0.14	-0.15	
P24452_152-203	1.36	1.34	1.29	1.22	1.14	1.04	0.92	0.79	0.66	0.52	0.38	0.25	0.12	0.00	-0.10	-0.20	-0.27	-0.33	-0.37	-0.39	-0.40	-0.39	-0.36	-0.32	-0.27	-0.21	-0.15	-0.08	-0.02	0.05	0.11	0.16	0.20	0.24	0.26	0.27	0.27	0.26	0.24	0.22	0.18	0.14	0.09	0.04	-0.01	-0.05	-0.09	-0.13	-0.16	-0.19	-0.20	-0.21	
P24452_152-203	1.18	1.16	1.12	1.06	0.99	0.90	0.80	0.69	0.57	0.45	0.33	0.22	0.11	0.00	-0.09	-0.17	-0.23	-0.28	-0.32	-0.33	-0.34	-0.32	-0.30	-0.27	-0.22	-0.17	-0.11	-0.06	0.00	0.06	0.11	0.15	0.19	0.22	0.24	0.24	0.24	0.23	0.21	0.18	0.15	0.11	0.07	0.03	-0.01	-0.06	-0.09	-0.12	-0.15	-0.17	-0.18	-0.19	
P24452_152-203	0.96	0.95	0.92	0.88	0.82	0.76	0.69	0.61	0.52	0.43	0.34	0.25	0.17	0.09	0.02	-0.05	-0.10	-0.15	-0.19	-0.21	-0.23	-0.24	-0.23	-0.22	-0.21	-0.19	-0.16	-0.13	-0.10	-0.08	-0.05	-0.03	-0.01	0.01	0.02	0.02	0.02	0.02	0.01	-0.00	-0.02	-0.03	-0.05	-0.07	-0.08	-0.10	-0.11	-0.12	-0.13	-0.13	-0.13	-0.12	
P24452_152-203	1.17	1.15	1.12	1.07	1.00	0.92	0.84	0.74	0.64	0.53	0.42	0.31	0.21	0.11	0.02	-0.06	-0.13	-0.19	-0.24	-0.27	-0.29	-0.30	-0.30	-0.30	-0.28	-0.25	-0.22	-0.19	-0.16	-0.12	-0.09	-0.06	-0.03	-0.01	0.00	0.01	0.02	0.02	0.01	-0.00	-0.02	-0.03	-0.05	-0.07	-0.09	-0.11	-0.13	-0.14	-0.15	-0.15	-0.15	-0.15	
P24452_152-203	1.24	1.22	1.18	1.13	1.06	0.97	0.88	0.77	0.66	0.54	0.42	0.31	0.20	0.10	0.00	-0.08	-0.15	-0.21	-0.26	-0.29	-0.31	-0.31	-0.30	-0.28	-0.26	-0.22	-0.18	-0.14	-0.09	-0.05	-0.01	0.03	0.06	0.09	0.11	0.12	0.13	0.13	0.13	0.12	0.10	0.08	0.06	0.04	0.02	-0.01	-0.03	-0.04	-0.06	-0.07	-0.08	-0.08	
P24452_152-203	1.33	1.31	1.28	1.22	1.15	1.06	0.96	0.85	0.73	0.61	0.49	0.37	0.25	0.15	0.05	-0.04	-0.11	-0.17	-0.22	-0.25	-0.27	-0.27	-0.26	-0.25	-0.22	-0.19	-0.15	-0.12	-0.08	-0.04	-0.00	0.03	0.06	0.08	0.09	0.10	0.10	0.09	0.08	0.07	0.05	0.03	0.01	-0.01	-0.04	-0.06	-0.07	-0.09	-0.10	-0.10	-0.10	-0.10	
P24452_152-203	1.18	1.16	1.12	1.07	0.99	0.91	0.81	0.70	0.59	0.47	0.35	0.24	0.13	0.03	-0.06	-0.13	-0.20	-0.24	-0.28	-0.29	-0.30	-0.29	-0.26	-0.23	-0.19	-0.14	-0.09	-0.03	0.02	0.07	0.12	0.16	0.20	0.23	0.24	0.25	0.25	0.24	0.23	0.20	0.17	0.14	0.10	0.07	0.03	-0.01	-0.05	-0.08	-0.10	-0.12	-0.14	-0.15	
P24452_152-203	0.66	0.65	0.63	0.59	0.54	0.49	0.43	0.36	0.29	0.22	0.14	0.07	0.01	-0.05	-0.10	-0.14	-0.18	-0.20	-0.21	-0.21	-0.20	-0.19	-0.16	-0.13	-0.09	-0.04	0.00	0.05	0.09	0.14	0.18	0.21	0.24	0.26	0.27	0.28	0.27	0.26	0.25	0.22	0.19	0.16	0.12	0.09	0.05	0.01	-0.03	-0.06	-0.09	-0.12	-0.14	-0.15	
P24452_152-203	1.20	1.18	1.15	1.09	1.03	0.95	0.85	0.75	0.64	0.53	0.42	0.31	0.20	0.10	0.01	-0.08	-0.15	-0.20	-0.25	-0.28	-0.30	-0.31	-0.31	-0.29	-0.27	-0.24	-0.21	-0.18	-0.14	-0.11	-0.08	-0.05	-0.02	-0.01	0.00	0.01	0.01	0.00	-0.01	-0.03	-0.05	-0.07	-0.09	-0.12	-0.14	-0.16	-0.17	-0.18	-0.18	-0.18	-0.18	-0.17	
P24452_152-203	1.61	1.58	1.53	1.46	1.36	1.24	1.11	0.97	0.81	0.66	0.50	0.34	0.20	0.06	-0.06	-0.17	-0.26	-0.33	-0.38	-0.41	-0.42	-0.41	-0.39	-0.35	-0.30	-0.24	-0.17	-0.11	-0.04	0.03	0.09	0.15	0.19	0.23	0.26	0.27	0.27	0.27	0.25	0.23	0.20	0.16	0.12	0.08	0.04	-0.00	-0.04	-0.07	-0.10	-0.12	-0.13	-0.14	
P24452_176-227	1.58	1.55	1.50	1.43	1.33	1.22	1.09	0.95	0.80	0.65	0.49	0.34	0.20	0.06	-0.06	-0.17	-0.26	-0.33	-0.38	-0.42	-0.44	-0.44	-0.42	-0.39	-0.35	-0.30	-0.25	-0.19	-0.14	-0.08	-0.03	0.01	0.04	0.07	0.09	0.09	0.09	0.08	0.06	0.04	0.00	-0.03	-0.07	-0.10	-0.14	-0.17	-0.19	-0.21	-0.22	-0.23	-0.22	-0.21	
P24452_176-227	1.44	1.41	1.36	1.29	1.20	1.10	0.97	0.84	0.70	0.55	0.40	0.26	0.12	-0.00	-0.12	-0.22	-0.30	-0.36	-0.41	-0.44	-0.45	-0.44	-0.42	-0.39	-0.34	-0.29	-0.23	-0.17	-0.11	-0.06	-0.00	0.04	0.08	0.11	0.12	0.13	0.13	0.12	0.10	0.07	0.04	-0.00	-0.04	-0.08	-0.11	-0.15	-0.18	-0.20	-0.21	-0.22	-0.22	-0.21	
P24452_176-227	0.98	0.97	0.94	0.89	0.83	0.76	0.68	0.59	0.49	0.40	0.30	0.21	0.12	0.04	-0.04	-0.10	-0.15	-0.19	-0.21	-0.23	-0.23	-0.22	-0.20	-0.17	-0.14	-0.10	-0.06	-0.02	0.02	0.06	0.09	0.12	0.14	0.15	0.16	0.17	0.16	0.15	0.13	0.11	0.09	0.06	0.04	0.01	-0.01	-0.03	-0.05	-0.06	-0.07	-0.08	-0.08	-0.07	
P24452_176-227	1.15	1.13	1.09	1.04	0.97	0.89	0.80	0.70	0.59	0.49	0.38	0.27	0.17	0.08	-0.00	-0.07	-0.13	-0.18	-0.21	-0.23	-0.23	-0.22	-0.21	-0.18	-0.15	-0.11	-0.07	-0.03	0.02	0.05	0.09	0.12	0.14	0.15	0.16	0.16	0.15	0.14	0.12	0.10	0.08	0.05	0.02	-0.00	-0.03	-0.05	-0.07	-0.08	-0.08	-0.09	-0.08	-0.07	
P24452_176-227	1.14	1.12	1.09	1.05	0.99	0.92	0.83	0.74	0.65	0.55	0.44	0.34	0.25	0.15	0.07	-0.01	-0.08	-0.13	-0.18	-0.21	-0.23	-0.24	-0.24	-0.23	-0.21	-0.18	-0.15	-0.12	-0.08	-0.05	-0.01	0.02	0.05	0.08	0.10	0.11	0.12	0.12	0.12	0.11	0.10	0.08	0.05	0.03	0.01	-0.02	-0.04	-0.07	-0.09	-0.11	-0.12	-0.13	
P24452_176-227	1.06	1.04	1.02	0.98	0.92	0.86	0.79	0.71	0.63	0.54	0.45	0.36	0.27	0.19	0.11	0.04	-0.02	-0.07	-0.12	-0.15	-0.17	-0.19	-0.19	-0.19	-0.18	-0.16	-0.14	-0.11	-0.08	-0.05	-0.02	0.01	0.04	0.06	0.08	0.10	0.11	0.12	0.12	0.11	0.10	0.09	0.07	0.05	0.03	0.01	-0.01	-0.03	-0.05	-0.07	-0.09	-0.10	
P24452_176-227	1.24	1.22	1.18	1.13	1.06	0.98	0.88	0.78	0.67	0.55	0.43	0.31	0.20	0.09	-0.01	-0.11	-0.19	-0.26	-0.31	-0.35	-0.38	-0.40	-0.40	-0.39	-0.37	-0.34	-0.31	-0.27	-0.22	-0.18	-0.13	-0.09	-0.04	-0.01	0.02	0.05	0.07	0.08	0.08	0.08	0.07	0.06	0.04	0.01	-0.01	-0.04	-0.07	-0.10	-0.12	-0.14	-0.16	-0.18	
P24452_176-227	0.82	0.81	0.78	0.75	0.70	0.65	0.59	0.52	0.44	0.37	0.29	0.21	0.13	0.05	-0.02	-0.08	-0.14	-0.19	-0.23	-0.27	-0.29	-0.31	-0.32	-0.32	-0.31	-0.30	-0.28	-0.26	-0.23	-0.21	-0.18	-0.15	-0.12	-0.10	-0.07	-0.06	-0.04	-0.03	-0.03	-0.02	-0.03	-0.03	-0.04	-0.05	-0.07	-0.08	-0.10	-0.11	-0.13	-0.14	-0.15	-0.16	
P24452_176-227	1.20	1.18	1.14	1.08	1.01	0.92	0.82	0.71	0.60	0.48	0.36	0.25	0.15	0.05	-0.03	-0.11	-0.16	-0.21	-0.23	-0.24	-0.24	-0.23	-0.20	-0.16	-0.12	-0.07	-0.02	0.03	0.08	0.12	0.16	0.19	0.21	0.23	0.23	0.22	0.21	0.19	0.16	0.13	0.09	0.05	0.01	-0.02	-0.06	-0.09	-0.11	-0.12	-0.13	-0.14	-0.13	-0.12	
P24452_176-227	1.65	1.63	1.58	1.51	1.42	1.32	1.19	1.06	0.91	0.76	0.61	0.45	0.30	0.16	0.03	-0.09	-0.19	-0.28	-0.35	-0.40	-0.44	-0.46	-0.46	-0.44	-0.42	-0.38	-0.33	-0.28	-0.22	-0.17	-0.11	-0.05	0.00	0.05	0.08	0.11	0.13	0.15	0.15	0.14	0.13	0.11	0.09	0.06	0.03	-0.01	-0.04	-0.07	-0.10	-0.13	-0.15	-0.16	
P24452_177-228	1.53	1.50	1.46	1.39	1.31	1.20	1.09	0.96	0.82	0.67	0.53	0.39	0.25	0.12	-0.00	-0.11	-0.20	-0.28	-0.34	-0.38	-0.41	-0.42	-0.42	-0.40	-0.37	-0.33	-0.29	-0.24	-0.19	-0.13	-0.08	-0.04	0.00	0.03	0.06	0.07	0.08	0.08	0.07	0.05	0.03	0.00	-0.03	-0.06	-0.10	-0.13	-0.16	-0.18	-0.20	-0.22	-0.22	-0.23	
P24452_177-228	1.39	1.37	1.32	1.26	1.18	1.08	0.97	0.84	0.71	0.57	0.44	0.30	0.17	0.05	-0.06	-0.16	-0.25	-0.32	-0.37	-0.41	-0.43	-0.43	-0.42	-0.40	-0.37	-0.32	-0.27	-0.22	-0.16	-0.11	-0.06	-0.01	0.03	0.07	0.09	0.11	0.12	0.11	0.10	0.09	0.06	0.03	-0.00	-0.04	-0.07	-0.11	-0.14	-0.17	-0.19	-0.21	-0.22	-0.22	
P24452_177-228	0.94	0.92	0.89	0.85	0.80	0.73	0.65	0.57	0.48	0.39	0.30	0.21	0.12	0.04	-0.03	-0.09	-0.14	-0.18	-0.21	-0.23	-0.24	-0.23	-0.22	-0.20	-0.17	-0.14	-0.10	-0.07	-0.03	0.01	0.04	0.07	0.09	0.11	0.13	0.13	0.14	0.13	0.12	0.11	0.09	0.07	0.04	0.02	0.00	-0.02	-0.04	-0.05	-0.06	-0.07	-0.08	-0.08	
P24452_177-228	1.10	1.08	1.05	1.00	0.94	0.86	0.78	0.68	0.58	0.48	0.38	0.27	0.18	0.09	0.01	-0.06	-0.12	-0.17	-0.21	-0.23	-0.24	-0.24	-0.22	-0.20	-0.18	-0.14	-0.10	-0.07	-0.03	0.01	0.04	0.07	0.10	0.12	0.13	0.13	0.13	0.13	0.11	0.10	0.07	0.05	0.03	0.00	-0.02	-0.04	-0.06	-0.07	-0.08	-0.08	-0.09	-0.08	
P24452_177-228	1.21	1.19	1.16	1.10	1.03	0.95	0.86	0.76	0.65	0.54	0.42	0.31	0.21	0.11	0.02	-0.05	-0.12	-0.17	-0.20	-0.23	-0.24	-0.24	-0.22	-0.20	-0.17	-0.13	-0.09	-0.05	-0.01	0.03	0.07	0.10	0.12	0.14	0.15	0.16	0.15	0.14	0.13	0.11	0.08	0.05	0.03	-0.00	-0.03	-0.05	-0.08	-0.09	-0.11	-0.11	-0.12	-0.12	
P24452_177-228	1.13	1.12	1.08	1.04	0.98	0.90	0.82	0.73	0.63	0.53	0.43	0.33	0.23	0.15	0.07	-0.00	-0.06	-0.11	-0.15	-0.17	-0.18	-0.18	-0.17	-0.15	-0.13	-0.10	-0.07	-0.03	0.00	0.04	0.07	0.09	0.12	0.13	0.14	0.15	0.14	0.14	0.12	0.11	0.09	0.06	0.04	0.02	-0.01	-0.03	-0.04	-0.06	-0.07	-0.08	-0.08	-0.08	
P24452_177-228	1.28	1.26	1.22	1.17	1.09	1.01	0.91	0.80	0.68	0.56	0.44	0.32	0.20	0.09	-0.02	-0.11	-0.19	-0.25	-0.31	-0.35	-0.37	-0.38	-0.38	-0.37	-0.34	-0.31	-0.27	-0.23	-0.18	-0.14	-0.09	-0.05	-0.01	0.02	0.05	0.07	0.08	0.09	0.09	0.08	0.07	0.05	0.03	0.00	-0.02	-0.05	-0.08	-0.10	-0.12	-0.14	-0.15	-0.16	
P24452_177-228	0.83	0.82	0.79	0.76	0.72	0.66	0.60	0.54	0.47	0.39	0.31	0.24	0.16	0.08	0.01	-0.05	-0.11	-0.16	-0.20	-0.24	-0.27	-0.28	-0.29	-0.30	-0.29	-0.28	-0.27	-0.25	-0.22	-0.20	-0.17	-0.14	-0.12	-0.09	-0.07	-0.05	-0.04	-0.03	-0.02	-0.02	-0.02	-0.02	-0.03	-0.04	-0.05	-0.07	-0.08	-0.10	-0.11	-0.13	-0.14	-0.15	
P24452_177-228	1.15	1.13	1.09	1.04	0.97	0.88	0.79	0.68	0.57	0.46	0.35	0.24	0.14	0.04	-0.04	-0.12	-0.17	-0.22	-0.25	-0.26	-0.26	-0.25	-0.23	-0.20	-0.16	-0.11	-0.07	-0.02	0.03	0.07	0.11	0.15	0.17	0.19	0.19	0.19	0.18	0.17	0.14	0.12	0.08	0.05	0.01	-0.02	-0.06	-0.09	-0.11	-0.13	-0.14	-0.15	-0.15	-0.14	
P24452_177-228	1.72	1.69	1.64	1.57	1.47	1.35	1.22	1.07	0.92	0.76	0.59	0.43	0.28	0.14	0.00	-0.12	-0.22	-0.30	-0.36	-0.41	-0.44	-0.44	-0.44	-0.41	-0.38	-0.33	-0.28	-0.22	-0.16	-0.10	-0.04	0.01	0.05	0.09	0.12	0.14	0.15	0.15	0.14	0.13	0.11	0.08	0.05	0.02	-0.01	-0.04	-0.07	-0.10	-0.12	-0.13	-0.14	-0.15	
P24452_201-252	1.46	1.44	1.39	1.33	1.25	1.15	1.04	0.91	0.78	0.65	0.51	0.38	0.25	0.14	0.03	-0.06	-0.14	-0.21	-0.25	-0.29	-0.30	-0.30	-0.29	-0.26	-0.23	-0.19	-0.14	-0.09	-0.04	0.00	0.05	0.08	0.11	0.14	0.15	0.15	0.15	0.14	0.12	0.09	0.06	0.03	-0.01	-0.05	-0.08	-0.11	-0.14	-0.16	-0.18	-0.19	-0.19	-0.19	
P24452_201-252	1.38	1.36	1.32	1.26	1.18	1.09	0.99	0.88	0.76	0.63	0.51	0.38	0.26	0.15	0.05	-0.04	-0.12	-0.18	-0.23	-0.26	-0.28	-0.28	-0.28	-0.26	-0.23	-0.20	-0.16	-0.12	-0.07	-0.03	0.01	0.04	0.07	0.09	0.10	0.11	0.11	0.10	0.08	0.06	0.04	0.01	-0.02	-0.05	-0.09	-0.11	-0.14	-0.16	-0.18	-0.19	-0.20	-0.20	
P24452_201-252	0.80	0.79	0.77	0.74	0.70	0.65	0.59	0.53	0.46	0.39	0.32	0.25	0.18	0.12	0.06	0.01	-0.03	-0.07	-0.10	-0.12	-0.13	-0.14	-0.14	-0.13	-0.12	-0.11	-0.09	-0.07	-0.05	-0.03	-0.01	0.00	0.01	0.02	0.03	0.03	0.02	0.01	0.00	-0.01	-0.03	-0.04	-0.06	-0.08	-0.10	-0.11	-0.12	-0.13	-0.14	-0.14	-0.14	-0.14	
P24452_201-252	0.97	0.96	0.93	0.89	0.83	0.76	0.69	0.60	0.52	0.43	0.34	0.25	0.16	0.08	0.01	-0.05	-0.10	-0.14	-0.17	-0.19	-0.20	-0.20	-0.19	-0.17	-0.15	-0.13	-0.10	-0.07	-0.04	-0.01	0.02	0.04	0.05	0.06	0.07	0.06	0.06	0.04	0.02	0.00	-0.02	-0.04	-0.07	-0.09	-0.11	-0.13	-0.14	-0.15	-0.16	-0.16	-0.15	-0.14	
P24452_201-252	1.27	1.25	1.21	1.15	1.08	0.99	0.89	0.78	0.66	0.53	0.41	0.29	0.17	0.06	-0.03	-0.12	-0.19	-0.25	-0.30	-0.33	-0.34	-0.34	-0.33	-0.31	-0.27	-0.23	-0.18	-0.13	-0.08	-0.03	0.02	0.07	0.11	0.14	0.17	0.18	0.20	0.20	0.19	0.18	0.17	0.15	0.12	0.10	0.07	0.05	0.02	-0.00	-0.02	-0.04	-0.05	-0.05	
P24452_201-252	1.22	1.20	1.16	1.10	1.03	0.94	0.83	0.72	0.60	0.48	0.36	0.24	0.12	0.01	-0.08	-0.16	-0.23	-0.29	-0.32	-0.35	-0.35	-0.34	-0.32	-0.29	-0.25	-0.20	-0.15	-0.09	-0.03	0.02	0.08	0.12	0.16	0.20	0.22	0.23	0.24	0.24	0.23	0.21	0.19	0.16	0.13	0.10	0.06	0.03	0.00	-0.02	-0.05	-0.06	-0.07	-0.08	
P24452_201-252	1.43	1.41	1.36	1.30	1.21	1.11	0.99	0.87	0.73	0.59	0.46	0.32	0.19	0.08	-0.03	-0.12	-0.20	-0.25	-0.29	-0.32	-0.32	-0.31	-0.28	-0.24	-0.20	-0.14	-0.08	-0.01	0.05	0.11	0.16	0.21	0.25	0.28	0.30	0.30	0.30	0.29	0.26	0.23	0.20	0.15	0.11	0.06	0.01	-0.04	-0.08	-0.11	-0.15	-0.17	-0.19	-0.20	
P24452_201-252	0.85	0.84	0.82	0.78	0.74	0.68	0.62	0.55	0.48	0.41	0.33	0.26	0.19	0.12	0.05	-0.00	-0.05	-0.09	-0.12	-0.14	-0.15	-0.16	-0.15	-0.14	-0.12	-0.09	-0.06	-0.03	0.00	0.04	0.07	0.10	0.13	0.16	0.18	0.19	0.20	0.20	0.20	0.19	0.18	0.16	0.13	0.11	0.08	0.05	0.02	-0.01	-0.04	-0.07	-0.09	-0.11	
P24452_201-252	0.99	0.97	0.95	0.91	0.86	0.79	0.72	0.64	0.56	0.47	0.38	0.30	0.21	0.13	0.05	-0.02	-0.08	-0.14	-0.18	-0.21	-0.24	-0.25	-0.26	-0.26	-0.25	-0.24	-0.22	-0.20	-0.18	-0.15	-0.13	-0.11	-0.08	-0.07	-0.05	-0.04	-0.04	-0.03	-0.03	-0.04	-0.04	-0.05	-0.06	-0.07	-0.09	-0.10	-0.11	-0.11	-0.12	-0.12	-0.12	-0.12	
P24452_201-252	1.84	1.81	1.75	1.66	1.55	1.42	1.27	1.10	0.93	0.75	0.57	0.39	0.23	0.08	-0.06	-0.17	-0.27	-0.34	-0.39	-0.41	-0.41	-0.40	-0.36	-0.31	-0.25	-0.17	-0.10	-0.02	0.06	0.14	0.20	0.26	0.30	0.33	0.35	0.35	0.34	0.32	0.28	0.24	0.19	0.13	0.07	0.01	-0.04	-0.09	-0.14	-0.18	-0.21	-0.23	-0.23	-0.23	
P24452_202-253	1.48	1.46	1.41	1.35	1.26	1.16	1.04	0.91	0.78	0.64	0.50	0.37	0.24	0.12	0.01	-0.08	-0.16	-0.22	-0.27	-0.29	-0.30	-0.30	-0.28	-0.25	-0.21	-0.17	-0.12	-0.06	-0.01	0.03	0.08	0.11	0.14	0.16	0.17	0.17	0.16	0.14	0.12	0.09	0.05	0.02	-0.02	-0.06	-0.10	-0.13	-0.15	-0.18	-0.19	-0.20	-0.20	-0.19	
P24452_202-253	1.39	1.37	1.33	1.27	1.19	1.10	0.99	0.87	0.75	0.62	0.49	0.36	0.24	0.13	0.03	-0.06	-0.14	-0.20	-0.24	-0.27	-0.28	-0.28	-0.27	-0.25	-0.22	-0.18	-0.14	-0.09	-0.05	-0.00	0.03	0.07	0.09	0.11	0.12	0.12	0.11	0.10	0.08	0.05	0.02	-0.01	-0.04	-0.07	-0.11	-0.14	-0.16	-0.18	-0.19	-0.20	-0.20	-0.20	
P24452_202-253	0.81	0.80	0.77	0.74	0.70	0.65	0.60	0.53	0.47	0.40	0.33	0.26	0.20	0.14	0.08	0.03	-0.02	-0.05	-0.08	-0.10	-0.12	-0.12	-0.12	-0.12	-0.11	-0.09	-0.07	-0.05	-0.04	-0.02	0.00	0.02	0.03	0.04	0.04	0.04	0.04	0.03	0.02	0.01	-0.01	-0.02	-0.04	-0.06	-0.08	-0.09	-0.11	-0.12	-0.13	-0.13	-0.14	-0.13	
P24452_202-253	0.98	0.96	0.93	0.89	0.84	0.77	0.70	0.62	0.53	0.44	0.35	0.27	0.18	0.10	0.03	-0.03	-0.08	-0.12	-0.15	-0.17	-0.18	-0.18	-0.18	-0.16	-0.14	-0.11	-0.09	-0.06	-0.03	0.00	0.03	0.05	0.07	0.08	0.08	0.08	0.08	0.06	0.05	0.03	0.01	-0.02	-0.04	-0.07	-0.09	-0.11	-0.13	-0.14	-0.15	-0.15	-0.15	-0.14	
P24452_202-253	1.25	1.23	1.20	1.14	1.07	0.98	0.88	0.77	0.65	0.53	0.41	0.29	0.18	0.07	-0.03	-0.12	-0.19	-0.25	-0.30	-0.33	-0.35	-0.35	-0.34	-0.32	-0.29	-0.25	-0.20	-0.15	-0.10	-0.05	-0.00	0.04	0.08	0.12	0.14	0.16	0.18	0.18	0.18	0.17	0.16	0.14	0.12	0.09	0.07	0.05	0.02	0.00	-0.02	-0.03	-0.04	-0.05	
P24452_202-253	1.19	1.17	1.13	1.07	1.00	0.91	0.81	0.71	0.59	0.47	0.35	0.23	0.12	0.02	-0.08	-0.16	-0.23	-0.29	-0.33	-0.36	-0.37	-0.37	-0.35	-0.32	-0.29	-0.24	-0.19	-0.14	-0.08	-0.02	0.03	0.08	0.12	0.15	0.18	0.20	0.21	0.22	0.21	0.20	0.18	0.16	0.13	0.10	0.07	0.04	0.01	-0.02	-0.04	-0.06	-0.08	-0.09	
P24452_202-253	1.39	1.37	1.33	1.26	1.18	1.08	0.97	0.85	0.72	0.58	0.45	0.31	0.19	0.07	-0.03	-0.13	-0.20	-0.26	-0.31	-0.33	-0.34	-0.33	-0.31	-0.28	-0.23	-0.18	-0.12	-0.06	0.00	0.06	0.12	0.17	0.21	0.25	0.27	0.28	0.28	0.28	0.26	0.23	0.20	0.16	0.12	0.08	0.03	-0.01	-0.06	-0.09	-0.13	-0.16	-0.18	-0.19	
P24452_202-253	0.81	0.80	0.77	0.74	0.70	0.65	0.59	0.53	0.46	0.39	0.32	0.25	0.18	0.11	0.05	-0.00	-0.05	-0.09	-0.13	-0.15	-0.17	-0.17	-0.17	-0.16	-0.15	-0.13	-0.10	-0.07	-0.04	-0.01	0.03	0.06	0.09	0.12	0.14	0.16	0.17	0.18	0.18	0.18	0.17	0.16	0.14	0.12	0.10	0.07	0.04	0.01	-0.02	-0.05	-0.07	-0.10	
P24452_202-253	1.03	1.02	0.99	0.94	0.89	0.82	0.74	0.66	0.57	0.47	0.38	0.28	0.19	0.11	0.03	-0.04	-0.10	-0.15	-0.18	-0.21	-0.23	-0.24	-0.24	-0.23	-0.21	-0.20	-0.17	-0.15	-0.12	-0.10	-0.07	-0.06	-0.04	-0.03	-0.02	-0.02	-0.02	-0.03	-0.04	-0.05	-0.06	-0.08	-0.09	-0.11	-0.12	-0.13	-0.14	-0.14	-0.15	-0.14	-0.13	-0.12	
P24452_202-253	1.83	1.80	1.74	1.66	1.54	1.41	1.26	1.09	0.92	0.74	0.56	0.39	0.22	0.07	-0.07	-0.18	-0.28	-0.35	-0.40	-0.43	-0.43	-0.41	-0.38	-0.33	-0.26	-0.19	-0.11	-0.03	0.05	0.12	0.19	0.25	0.30	0.33	0.35	0.35	0.35	0.32	0.29	0.25	0.20	0.14	0.09	0.03	-0.03	-0.08	-0.13	-0.17	-0.20	-0.22	-0.23	-0.23	
P24452_226-277	1.37	1.35	1.31	1.25	1.17	1.08	0.97	0.86	0.73	0.60	0.47	0.34	0.22	0.10	-0.01	-0.11	-0.19	-0.26	-0.32	-0.36	-0.38	-0.39	-0.39	-0.37	-0.35	-0.32	-0.28	-0.23	-0.19	-0.14	-0.10	-0.05	-0.02	0.01	0.04	0.06	0.07	0.07	0.07	0.06	0.05	0.03	0.01	-0.01	-0.04	-0.06	-0.08	-0.09	-0.10	-0.11	-0.12	-0.12	
P24452_226-277	1.26	1.24	1.20	1.15	1.08	0.99	0.89	0.79	0.67	0.55	0.43	0.31	0.20	0.09	-0.01	-0.10	-0.17	-0.24	-0.28	-0.32	-0.34	-0.35	-0.35	-0.33	-0.31	-0.28	-0.24	-0.20	-0.15	-0.11	-0.07	-0.03	0.00	0.03	0.05	0.07	0.08	0.08	0.07	0.06	0.05	0.03	0.01	-0.01	-0.04	-0.06	-0.08	-0.10	-0.11	-0.12	-0.13	-0.13	
P24452_226-277	0.82	0.80	0.77	0.73	0.67	0.61	0.53	0.45	0.36	0.27	0.18	0.10	0.01	-0.06	-0.13	-0.19	-0.24	-0.27	-0.30	-0.31	-0.31	-0.31	-0.29	-0.26	-0.23	-0.19	-0.15	-0.11	-0.06	-0.02	0.02	0.05	0.08	0.10	0.12	0.13	0.13	0.12	0.12	0.10	0.08	0.06	0.04	0.01	-0.01	-0.04	-0.06	-0.07	-0.09	-0.10	-0.10	-0.11	
P24452_226-277	1.04	1.02	0.99	0.94	0.87	0.79	0.69	0.59	0.48	0.37	0.26	0.15	0.05	-0.05	-0.13	-0.21	-0.27	-0.32	-0.35	-0.38	-0.38	-0.38	-0.36	-0.33	-0.30	-0.25	-0.20	-0.15	-0.10	-0.05	-0.01	0.03	0.07	0.10	0.12	0.13	0.14	0.14	0.13	0.12	0.10	0.08	0.06	0.03	0.01	-0.02	-0.04	-0.06	-0.07	-0.08	-0.09	-0.09	
P24452_226-277	1.27	1.25	1.22	1.16	1.10	1.02	0.92	0.82	0.71	0.60	0.49	0.38	0.28	0.18	0.09	0.01	-0.06	-0.11	-0.15	-0.18	-0.19	-0.20	-0.19	-0.17	-0.14	-0.10	-0.07	-0.03	0.02	0.05	0.09	0.12	0.15	0.17	0.18	0.19	0.18	0.17	0.16	0.14	0.11	0.08	0.05	0.02	-0.02	-0.05	-0.08	-0.10	-0.12	-0.13	-0.14	-0.15	
P24452_226-277	1.31	1.29	1.25	1.19	1.12	1.03	0.93	0.83	0.71	0.59	0.47	0.36	0.25	0.14	0.05	-0.03	-0.10	-0.16	-0.20	-0.22	-0.23	-0.23	-0.22	-0.20	-0.16	-0.13	-0.08	-0.04	0.01	0.05	0.09	0.13	0.15	0.17	0.18	0.19	0.18	0.17	0.15	0.12	0.09	0.06	0.02	-0.01	-0.05	-0.08	-0.11	-0.14	-0.16	-0.17	-0.18	-0.18	
P24452_226-277	1.29	1.27	1.24	1.18	1.12	1.04	0.94	0.84	0.73	0.62	0.51	0.40	0.29	0.18	0.09	0.00	-0.07	-0.14	-0.19	-0.22	-0.25	-0.26	-0.26	-0.25	-0.23	-0.21	-0.18	-0.15	-0.11	-0.07	-0.04	-0.01	0.02	0.04	0.05	0.06	0.06	0.05	0.04	0.03	0.00	-0.02	-0.05	-0.08	-0.11	-0.14	-0.17	-0.20	-0.22	-0.23	-0.24	-0.25	
P24452_226-277	0.62	0.61	0.60	0.58	0.55	0.52	0.48	0.44	0.40	0.35	0.30	0.26	0.21	0.17	0.13	0.09	0.06	0.03	0.01	-0.01	-0.02	-0.03	-0.04	-0.04	-0.04	-0.03	-0.02	-0.02	-0.01	0.00	0.01	0.01	0.02	0.02	0.02	0.01	0.01	-0.00	-0.01	-0.03	-0.04	-0.06	-0.07	-0.09	-0.11	-0.13	-0.14	-0.15	-0.17	-0.18	-0.18	-0.19	
P24452_226-277	1.10	1.08	1.05	0.99	0.92	0.84	0.74	0.64	0.52	0.41	0.30	0.18	0.08	-0.02	-0.11	-0.18	-0.24	-0.29	-0.32	-0.34	-0.34	-0.33	-0.31	-0.28	-0.24	-0.19	-0.14	-0.09	-0.04	0.01	0.06	0.10	0.13	0.16	0.18	0.19	0.19	0.19	0.18	0.16	0.14	0.11	0.09	0.06	0.03	0.01	-0.01	-0.03	-0.04	-0.05	-0.05	-0.05	
P24452_226-277	1.75	1.73	1.68	1.61	1.51	1.40	1.27	1.12	0.97	0.81	0.65	0.49	0.34	0.19	0.05	-0.07	-0.18	-0.26	-0.34	-0.39	-0.42	-0.44	-0.44	-0.42	-0.40	-0.36	-0.31	-0.26	-0.20	-0.15	-0.09	-0.04	0.00	0.04	0.07	0.09	0.10	0.10	0.10	0.08	0.06	0.03	-0.00	-0.04	-0.07	-0.11	-0.14	-0.17	-0.20	-0.22	-0.23	-0.24	
P24452_227-278	1.42	1.40	1.36	1.29	1.21	1.11	0.99	0.86	0.73	0.59	0.45	0.32	0.19	0.07	-0.04	-0.14	-0.22	-0.29	-0.34	-0.37	-0.39	-0.39	-0.38	-0.36	-0.32	-0.28	-0.24	-0.19	-0.14	-0.09	-0.05	-0.01	0.02	0.05	0.07	0.08	0.08	0.07	0.06	0.04	0.02	-0.01	-0.03	-0.06	-0.08	-0.11	-0.12	-0.14	-0.14	-0.15	-0.14	-0.13	
P24452_227-278	1.31	1.29	1.24	1.18	1.11	1.01	0.91	0.79	0.67	0.54	0.42	0.29	0.17	0.06	-0.04	-0.13	-0.20	-0.26	-0.31	-0.33	-0.35	-0.35	-0.34	-0.32	-0.28	-0.25	-0.20	-0.16	-0.11	-0.07	-0.03	0.01	0.04	0.06	0.08	0.09	0.09	0.08	0.07	0.05	0.03	0.00	-0.02	-0.05	-0.08	-0.10	-0.12	-0.13	-0.14	-0.15	-0.14	-0.14	
P24452_227-278	0.80	0.78	0.75	0.71	0.66	0.60	0.52	0.45	0.36	0.28	0.19	0.10	0.02	-0.05	-0.12	-0.18	-0.23	-0.27	-0.30	-0.31	-0.32	-0.32	-0.30	-0.28	-0.25	-0.22	-0.18	-0.14	-0.10	-0.06	-0.02	0.02	0.05	0.07	0.09	0.10	0.11	0.11	0.11	0.10	0.08	0.06	0.04	0.02	-0.00	-0.03	-0.05	-0.07	-0.09	-0.10	-0.11	-0.11	
P24452_227-278	1.02	1.00	0.97	0.92	0.85	0.77	0.68	0.58	0.48	0.37	0.26	0.16	0.05	-0.04	-0.13	-0.20	-0.27	-0.32	-0.36	-0.38	-0.39	-0.39	-0.38	-0.35	-0.32	-0.28	-0.24	-0.19	-0.14	-0.09	-0.05	-0.00	0.03	0.06	0.09	0.11	0.12	0.12	0.11	0.11	0.09	0.07	0.05	0.03	0.00	-0.02	-0.04	-0.06	-0.08	-0.09	-0.10	-0.10	
P24452_227-278	1.27	1.25	1.21	1.16	1.09	1.01	0.92	0.82	0.72	0.61	0.50	0.39	0.28	0.19	0.10	0.02	-0.05	-0.10	-0.14	-0.17	-0.19	-0.19	-0.18	-0.16	-0.13	-0.10	-0.06	-0.02	0.02	0.06	0.10	0.13	0.16	0.18	0.19	0.20	0.20	0.19	0.17	0.15	0.13	0.10	0.07	0.04	0.01	-0.02	-0.05	-0.07	-0.09	-0.11	-0.12	-0.12	
P24452_227-278	1.29	1.27	1.23	1.18	1.11	1.03	0.93	0.83	0.72	0.60	0.49	0.38	0.27	0.17	0.07	-0.01	-0.08	-0.13	-0.18	-0.20	-0.22	-0.22	-0.21	-0.19	-0.16	-0.13	-0.09	-0.05	-0.00	0.04	0.08	0.12	0.14	0.17	0.18	0.19	0.19	0.18	0.17	0.15	0.12	0.09	0.06	0.02	-0.01	-0.05	-0.08	-0.10	-0.13	-0.14	-0.16	-0.16	
P24452_227-278	1.32	1.30	1.27	1.21	1.14	1.06	0.97	0.87	0.76	0.64	0.53	0.42	0.31	0.20	0.11	0.02	-0.05	-0.11	-0.16	-0.20	-0.22	-0.23	-0.23	-0.22	-0.20	-0.17	-0.14	-0.10	-0.07	-0.03	0.00	0.03	0.06	0.08	0.09	0.10	0.10	0.09	0.08	0.06	0.03	0.00	-0.03	-0.06	-0.09	-0.12	-0.15	-0.17	-0.19	-0.20	-0.22	-0.22	
P24452_227-278	0.63	0.62	0.61	0.59	0.56	0.53	0.50	0.46	0.42	0.38	0.33	0.29	0.24	0.20	0.16	0.13	0.10	0.07	0.05	0.03	0.01	0.00	-0.00	-0.01	-0.01	-0.00	0.00	0.01	0.02	0.03	0.03	0.04	0.05	0.05	0.05	0.05	0.05	0.04	0.03	0.02	0.01	-0.01	-0.02	-0.04	-0.06	-0.07	-0.09	-0.10	-0.12	-0.13	-0.14	-0.15	
P24452_227-278	1.10	1.08	1.04	0.98	0.91	0.82	0.72	0.61	0.50	0.38	0.27	0.15	0.04	-0.06	-0.14	-0.22	-0.28	-0.33	-0.36	-0.38	-0.38	-0.37	-0.35	-0.31	-0.27	-0.22	-0.17	-0.12	-0.06	-0.01	0.03	0.08	0.11	0.14	0.15	0.16	0.16	0.16	0.14	0.12	0.10	0.07	0.05	0.02	-0.01	-0.03	-0.05	-0.07	-0.08	-0.09	-0.09	-0.08	
P24452_227-278	1.82	1.80	1.74	1.67	1.57	1.44	1.31	1.15	0.99	0.83	0.66	0.49	0.33	0.18	0.05	-0.07	-0.18	-0.26	-0.33	-0.37	-0.40	-0.41	-0.40	-0.38	-0.34	-0.30	-0.24	-0.19	-0.13	-0.07	-0.02	0.03	0.07	0.10	0.12	0.14	0.14	0.13	0.11	0.09	0.06	0.03	-0.01	-0.05	-0.09	-0.13	-0.16	-0.18	-0.20	-0.22	-0.23	-0.22	
P24452_251-302	1.41	1.39	1.35	1.28	1.21	1.11	1.00	0.88	0.76	0.63	0.50	0.38	0.26	0.14	0.04	-0.05	-0.12	-0.18	-0.22	-0.25	-0.26	-0.26	-0.24	-0.22	-0.18	-0.14	-0.09	-0.04	0.00	0.05	0.09	0.13	0.16	0.18	0.20	0.20	0.20	0.19	0.17	0.15	0.12	0.09	0.06	0.03	-0.00	-0.03	-0.06	-0.08	-0.09	-0.10	-0.10	-0.09	
P24452_251-302	1.28	1.26	1.23	1.17	1.10	1.02	0.92	0.81	0.70	0.59	0.47	0.36	0.25	0.15	0.05	-0.03	-0.09	-0.15	-0.19	-0.22	-0.23	-0.23	-0.22	-0.20	-0.17	-0.13	-0.09	-0.05	-0.01	0.03	0.06	0.10	0.12	0.14	0.15	0.16	0.16	0.15	0.13	0.11	0.09	0.07	0.04	0.01	-0.01	-0.03	-0.05	-0.06	-0.07	-0.08	-0.07	-0.07	
P24452_251-302	1.03	1.02	0.98	0.93	0.87	0.79	0.71	0.61	0.51	0.41	0.30	0.20	0.11	0.02	-0.06	-0.13	-0.18	-0.23	-0.26	-0.28	-0.28	-0.27	-0.25	-0.23	-0.19	-0.15	-0.11	-0.06	-0.02	0.02	0.06	0.09	0.12	0.14	0.15	0.16	0.15	0.14	0.13	0.10	0.08	0.05	0.01	-0.02	-0.05	-0.08	-0.11	-0.13	-0.14	-0.16	-0.16	-0.16	
P24452_251-302	1.25	1.23	1.19	1.13	1.05	0.96	0.86	0.74	0.62	0.50	0.37	0.25	0.14	0.03	-0.07	-0.15	-0.21	-0.26	-0.30	-0.32	-0.32	-0.31	-0.28	-0.25	-0.20	-0.15	-0.10	-0.04	0.02	0.07	0.12	0.16	0.19	0.21	0.22	0.23	0.22	0.20	0.18	0.15	0.11	0.07	0.02	-0.02	-0.06	-0.10	-0.14	-0.17	-0.19	-0.21	-0.22	-0.22	
P24452_251-302	1.12	1.10	1.07	1.02	0.96	0.88	0.80	0.70	0.60	0.50	0.39	0.29	0.19	0.10	0.01	-0.06	-0.13	-0.18	-0.23	-0.26	-0.27	-0.28	-0.27	-0.26	-0.24	-0.21	-0.18	-0.14	-0.10	-0.07	-0.03	0.00	0.03	0.05	0.07	0.08	0.08	0.08	0.07	0.06	0.04	0.02	0.00	-0.02	-0.05	-0.07	-0.09	-0.11	-0.12	-0.13	-0.14	-0.14	
P24452_251-302	1.19	1.17	1.14	1.09	1.02	0.93	0.84	0.74	0.63	0.51	0.40	0.29	0.18	0.07	-0.02	-0.11	-0.18	-0.24	-0.28	-0.32	-0.34	-0.34	-0.34	-0.32	-0.30	-0.27	-0.23	-0.19	-0.14	-0.10	-0.06	-0.02	0.01	0.04	0.06	0.07	0.08	0.08	0.07	0.06	0.04	0.02	-0.00	-0.03	-0.05	-0.08	-0.11	-0.13	-0.15	-0.16	-0.17	-0.18	
P24452_251-302	1.07	1.05	1.02	0.98	0.92	0.85	0.78	0.69	0.60	0.51	0.41	0.32	0.23	0.14	0.06	-0.01	-0.07	-0.12	-0.16	-0.19	-0.20	-0.21	-0.21	-0.20	-0.18	-0.16	-0.14	-0.11	-0.08	-0.05	-0.02	-0.00	0.02	0.03	0.05	0.05	0.05	0.05	0.04	0.02	0.01	-0.01	-0.03	-0.05	-0.07	-0.08	-0.10	-0.11	-0.12	-0.13	-0.13	-0.13	
P24452_251-302	0.51	0.51	0.49	0.46	0.43	0.39	0.34	0.29	0.24	0.19	0.14	0.08	0.03	-0.01	-0.05	-0.09	-0.11	-0.14	-0.15	-0.16	-0.16	-0.16	-0.15	-0.14	-0.12	-0.10	-0.08	-0.06	-0.04	-0.02	-0.01	0.01	0.02	0.03	0.03	0.03	0.03	0.03	0.03	0.02	0.01	0.01	-0.00	-0.01	-0.02	-0.02	-0.02	-0.02	-0.02	-0.02	-0.02	-0.02	
P24452_251-302	1.34	1.32	1.27	1.21	1.14	1.04	0.93	0.82	0.69	0.56	0.43	0.31	0.18	0.07	-0.04	-0.13	-0.21	-0.27	-0.32	-0.35	-0.37	-0.37	-0.36	-0.33	-0.30	-0.25	-0.20	-0.15	-0.09	-0.03	0.02	0.07	0.11	0.15	0.18	0.20	0.21	0.21	0.21	0.19	0.17	0.15	0.12	0.08	0.05	0.02	-0.02	-0.04	-0.07	-0.09	-0.10	-0.11	
P24452_251-302	1.52	1.50	1.45	1.39	1.31	1.22	1.11	0.99	0.87	0.74	0.61	0.48	0.35	0.23	0.12	0.03	-0.06	-0.12	-0.18	-0.22	-0.24	-0.25	-0.25	-0.23	-0.21	-0.18	-0.14	-0.10	-0.06	-0.02	0.02	0.05	0.08	0.10	0.11	0.12	0.11	0.10	0.08	0.06	0.03	0.00	-0.03	-0.07	-0.10	-0.13	-0.16	-0.18	-0.20	-0.21	-0.22	-0.22	
P24452_252-303	1.35	1.33	1.29	1.24	1.17	1.08	0.98	0.87	0.76	0.64	0.52	0.40	0.29	0.18	0.08	-0.01	-0.08	-0.15	-0.20	-0.23	-0.25	-0.26	-0.25	-0.24	-0.21	-0.18	-0.14	-0.10	-0.05	-0.01	0.04	0.08	0.11	0.14	0.16	0.18	0.18	0.18	0.18	0.16	0.14	0.12	0.09	0.07	0.04	0.01	-0.02	-0.04	-0.06	-0.08	-0.09	-0.09	
P24452_252-303	1.22	1.21	1.17	1.12	1.06	0.99	0.90	0.80	0.70	0.60	0.49	0.38	0.28	0.18	0.09	0.01	-0.06	-0.11	-0.16	-0.19	-0.21	-0.22	-0.22	-0.21	-0.19	-0.17	-0.13	-0.10	-0.06	-0.02	0.01	0.05	0.08	0.10	0.12	0.13	0.14	0.14	0.14	0.13	0.11	0.09	0.07	0.05	0.03	0.01	-0.01	-0.03	-0.05	-0.06	-0.06	-0.07	
P24452_252-303	1.02	1.01	0.97	0.93	0.86	0.79	0.71	0.62	0.52	0.42	0.32	0.22	0.13	0.04	-0.04	-0.11	-0.17	-0.21	-0.24	-0.26	-0.27	-0.27	-0.25	-0.23	-0.20	-0.16	-0.12	-0.08	-0.04	0.01	0.05	0.08	0.11	0.13	0.15	0.16	0.16	0.15	0.14	0.12	0.10	0.07	0.04	0.01	-0.02	-0.05	-0.08	-0.10	-0.12	-0.14	-0.15	-0.15	
P24452_252-303	1.24	1.22	1.18	1.12	1.05	0.96	0.85	0.74	0.62	0.50	0.38	0.26	0.14	0.04	-0.06	-0.14	-0.21	-0.26	-0.29	-0.31	-0.32	-0.31	-0.29	-0.26	-0.22	-0.17	-0.11	-0.06	-0.00	0.05	0.10	0.14	0.18	0.20	0.22	0.23	0.22	0.21	0.19	0.16	0.13	0.09	0.05	0.01	-0.03	-0.07	-0.11	-0.14	-0.17	-0.19	-0.20	-0.21	
P24452_252-303	1.16	1.15	1.11	1.05	0.98	0.90	0.81	0.70	0.59	0.48	0.37	0.26	0.15	0.05	-0.03	-0.11	-0.17	-0.22	-0.26	-0.28	-0.29	-0.29	-0.27	-0.25	-0.22	-0.18	-0.14	-0.10	-0.06	-0.02	0.01	0.04	0.07	0.08	0.09	0.10	0.09	0.08	0.06	0.04	0.01	-0.01	-0.04	-0.07	-0.09	-0.12	-0.13	-0.15	-0.16	-0.16	-0.16	-0.15	
P24452_252-303	1.24	1.22	1.18	1.13	1.05	0.96	0.86	0.74	0.62	0.50	0.38	0.26	0.14	0.03	-0.06	-0.15	-0.22	-0.27	-0.31	-0.34	-0.35	-0.35	-0.33	-0.31	-0.27	-0.23	-0.19	-0.14	-0.09	-0.05	-0.01	0.03	0.05	0.08	0.09	0.09	0.09	0.08	0.06	0.04	0.02	-0.01	-0.04	-0.07	-0.10	-0.13	-0.15	-0.17	-0.18	-0.19	-0.19	-0.19	
P24452_252-303	1.06	1.05	1.02	0.97	0.91	0.85	0.77	0.68	0.59	0.49	0.40	0.31	0.21	0.13	0.05	-0.02	-0.08	-0.13	-0.16	-0.19	-0.21	-0.22	-0.21	-0.20	-0.18	-0.16	-0.14	-0.11	-0.08	-0.05	-0.02	0.00	0.02	0.04	0.05	0.05	0.05	0.04	0.03	0.02	0.00	-0.02	-0.04	-0.06	-0.08	-0.10	-0.11	-0.13	-0.14	-0.14	-0.14	-0.14	
P24452_252-303	0.47	0.47	0.45	0.43	0.41	0.37	0.34	0.30	0.25	0.21	0.16	0.12	0.07	0.03	-0.01	-0.04	-0.07	-0.10	-0.12	-0.13	-0.14	-0.15	-0.15	-0.14	-0.14	-0.13	-0.11	-0.10	-0.08	-0.07	-0.05	-0.03	-0.02	-0.01	0.01	0.02	0.02	0.03	0.03	0.03	0.03	0.03	0.03	0.02	0.02	0.02	0.01	0.01	0.00	-0.00	-0.00	-0.01	
P24452_252-303	1.36	1.33	1.29	1.23	1.15	1.06	0.95	0.83	0.71	0.58	0.44	0.31	0.19	0.07	-0.03	-0.12	-0.20	-0.27	-0.31	-0.35	-0.36	-0.36	-0.35	-0.32	-0.29	-0.24	-0.19	-0.14	-0.08	-0.02	0.03	0.08	0.12	0.16	0.18	0.20	0.21	0.22	0.21	0.20	0.18	0.15	0.12	0.09	0.06	0.03	-0.01	-0.03	-0.06	-0.07	-0.09	-0.09	
P24452_252-303	1.53	1.51	1.46	1.40	1.32	1.22	1.10	0.98	0.85	0.71	0.57	0.44	0.31	0.19	0.08	-0.02	-0.10	-0.16	-0.21	-0.24	-0.26	-0.26	-0.25	-0.23	-0.20	-0.16	-0.12	-0.07	-0.03	0.01	0.05	0.08	0.11	0.12	0.13	0.13	0.12	0.10	0.08	0.05	0.01	-0.02	-0.06	-0.10	-0.14	-0.17	-0.20	-0.22	-0.24	-0.25	-0.25	-0.25	
P24452_276-327	1.51	1.48	1.44	1.37	1.28	1.17	1.05	0.91	0.77	0.62	0.48	0.33	0.19	0.05	-0.07	-0.17	-0.27	-0.34	-0.40	-0.43	-0.45	-0.46	-0.44	-0.41	-0.37	-0.32	-0.26	-0.20	-0.13	-0.06	0.00	0.06	0.12	0.16	0.20	0.23	0.25	0.26	0.26	0.26	0.24	0.22	0.19	0.16	0.12	0.09	0.05	0.02	-0.01	-0.04	-0.06	-0.07	
P24452_276-327	1.32	1.30	1.26	1.20	1.12	1.03	0.93	0.81	0.69	0.56	0.43	0.30	0.18	0.07	-0.04	-0.13	-0.22	-0.28	-0.33	-0.37	-0.39	-0.39	-0.38	-0.36	-0.32	-0.28	-0.23	-0.17	-0.11	-0.05	0.01	0.07	0.12	0.16	0.20	0.23	0.25	0.26	0.26	0.26	0.25	0.23	0.20	0.18	0.14	0.11	0.08	0.05	0.01	-0.01	-0.04	-0.06	
P24452_276-327	1.03	1.02	0.98	0.94	0.88	0.81	0.72	0.63	0.54	0.44	0.35	0.25	0.16	0.08	0.01	-0.06	-0.11	-0.15	-0.18	-0.20	-0.20	-0.20	-0.18	-0.16	-0.13	-0.10	-0.07	-0.03	0.00	0.03	0.06	0.08	0.10	0.10	0.11	0.10	0.09	0.07	0.04	0.01	-0.02	-0.05	-0.08	-0.12	-0.15	-0.17	-0.19	-0.21	-0.21	-0.22	-0.21	-0.20	
P24452_276-327	1.26	1.24	1.20	1.14	1.07	0.98	0.88	0.77	0.65	0.54	0.42	0.30	0.19	0.09	-0.01	-0.09	-0.15	-0.20	-0.24	-0.26	-0.27	-0.27	-0.25	-0.22	-0.19	-0.15	-0.11	-0.07	-0.03	0.01	0.04	0.07	0.09	0.10	0.10	0.09	0.08	0.06	0.03	-0.00	-0.04	-0.08	-0.11	-0.15	-0.18	-0.21	-0.23	-0.25	-0.26	-0.26	-0.26	-0.24	
P24452_276-327	1.11	1.10	1.06	1.01	0.95	0.88	0.79	0.70	0.60	0.49	0.39	0.28	0.18	0.09	-0.00	-0.08	-0.15	-0.20	-0.24	-0.28	-0.29	-0.30	-0.30	-0.28	-0.26	-0.23	-0.20	-0.16	-0.12	-0.08	-0.04	-0.00	0.03	0.05	0.08	0.09	0.10	0.10	0.10	0.10	0.08	0.07	0.05	0.03	0.01	-0.01	-0.03	-0.04	-0.06	-0.07	-0.08	-0.08	
P24452_276-327	1.13	1.11	1.08	1.03	0.97	0.89	0.80	0.71	0.61	0.50	0.40	0.30	0.20	0.11	0.02	-0.05	-0.11	-0.16	-0.20	-0.22	-0.24	-0.24	-0.23	-0.21	-0.19	-0.16	-0.13	-0.10	-0.06	-0.03	-0.00	0.02	0.04	0.05	0.06	0.06	0.06	0.04	0.03	0.01	-0.02	-0.04	-0.07	-0.09	-0.11	-0.13	-0.15	-0.16	-0.17	-0.17	-0.17	-0.16	
P24452_276-327	1.12	1.10	1.06	1.01	0.95	0.87	0.77	0.67	0.57	0.46	0.34	0.23	0.12	0.02	-0.07	-0.15	-0.23	-0.29	-0.33	-0.36	-0.38	-0.39	-0.38	-0.37	-0.34	-0.30	-0.26	-0.21	-0.16	-0.11	-0.06	-0.01	0.03	0.07	0.11	0.13	0.16	0.17	0.18	0.18	0.18	0.17	0.15	0.14	0.12	0.10	0.08	0.05	0.03	0.01	-0.00	-0.02	
P24452_276-327	0.71	0.70	0.68	0.64	0.60	0.54	0.48	0.42	0.34	0.27	0.20	0.12	0.05	-0.02	-0.08	-0.13	-0.18	-0.21	-0.24	-0.26	-0.27	-0.28	-0.27	-0.26	-0.24	-0.21	-0.19	-0.15	-0.12	-0.09	-0.05	-0.02	0.01	0.04	0.06	0.08	0.10	0.11	0.12	0.13	0.13	0.13	0.13	0.12	0.12	0.11	0.11	0.10	0.09	0.09	0.08	0.08	
P24452_276-327	1.23	1.21	1.18	1.13	1.07	0.99	0.90	0.81	0.71	0.60	0.50	0.39	0.29	0.20	0.12	0.04	-0.02	-0.07	-0.11	-0.13	-0.15	-0.15	-0.14	-0.12	-0.10	-0.06	-0.03	0.01	0.04	0.08	0.11	0.13	0.15	0.16	0.17	0.16	0.15	0.13	0.10	0.07	0.04	-0.00	-0.04	-0.09	-0.13	-0.17	-0.20	-0.23	-0.25	-0.27	-0.28	-0.28	
P24452_276-327	1.53	1.50	1.46	1.39	1.29	1.18	1.06	0.92	0.77	0.62	0.47	0.31	0.17	0.03	-0.10	-0.22	-0.32	-0.40	-0.46	-0.50	-0.53	-0.54	-0.53	-0.50	-0.47	-0.42	-0.36	-0.29	-0.23	-0.16	-0.09	-0.02	0.04	0.09	0.14	0.17	0.20	0.22	0.22	0.22	0.21	0.19	0.17	0.14	0.11	0.07	0.04	0.01	-0.03	-0.05	-0.08	-0.10	
P24452_277-328	1.49	1.46	1.42	1.35	1.27	1.16	1.04	0.92	0.78	0.63	0.49	0.34	0.21	0.07	-0.05	-0.15	-0.25	-0.32	-0.38	-0.42	-0.45	-0.46	-0.45	-0.42	-0.39	-0.34	-0.29	-0.23	-0.17	-0.10	-0.04	0.02	0.08	0.13	0.17	0.20	0.23	0.24	0.25	0.24	0.23	0.22	0.19	0.17	0.14	0.11	0.07	0.04	0.02	-0.01	-0.03	-0.05	
P24452_277-328	1.31	1.29	1.25	1.19	1.12	1.03	0.93	0.81	0.69	0.57	0.44	0.31	0.19	0.08	-0.03	-0.12	-0.20	-0.27	-0.32	-0.36	-0.38	-0.39	-0.38	-0.36	-0.33	-0.29	-0.24	-0.19	-0.13	-0.08	-0.02	0.04	0.09	0.13	0.17	0.20	0.23	0.24	0.25	0.25	0.24	0.23	0.21	0.18	0.16	0.13	0.10	0.07	0.04	0.01	-0.01	-0.03	
P24452_277-328	1.01	1.00	0.97	0.92	0.86	0.79	0.71	0.62	0.53	0.43	0.34	0.24	0.16	0.07	-0.00	-0.07	-0.12	-0.16	-0.19	-0.21	-0.21	-0.21	-0.20	-0.17	-0.15	-0.12	-0.08	-0.04	-0.01	0.02	0.05	0.07	0.09	0.10	0.10	0.10	0.09	0.07	0.05	0.02	-0.01	-0.05	-0.08	-0.11	-0.15	-0.17	-0.20	-0.22	-0.23	-0.24	-0.24	-0.23	
P24452_277-328	1.22	1.20	1.16	1.11	1.04	0.96	0.86	0.76	0.64	0.53	0.42	0.30	0.19	0.09	0.00	-0.08	-0.14	-0.20	-0.24	-0.26	-0.28	-0.28	-0.27	-0.24	-0.21	-0.18	-0.14	-0.10	-0.06	-0.02	0.01	0.04	0.06	0.08	0.09	0.09	0.08	0.06	0.04	0.01	-0.02	-0.06	-0.10	-0.13	-0.17	-0.20	-0.23	-0.25	-0.27	-0.28	-0.28	-0.27	
P24452_277-328	1.14	1.13	1.09	1.04	0.97	0.90	0.81	0.71	0.60	0.49	0.39	0.28	0.18	0.08	-0.01	-0.08	-0.15	-0.20	-0.24	-0.27	-0.29	-0.29	-0.28	-0.26	-0.24	-0.21	-0.17	-0.13	-0.09	-0.05	-0.01	0.02	0.05	0.07	0.09	0.10	0.11	0.10	0.10	0.09	0.07	0.05	0.03	0.01	-0.00	-0.02	-0.04	-0.05	-0.06	-0.07	-0.07	-0.07	
P24452_277-328	1.17	1.15	1.12	1.06	0.99	0.91	0.82	0.72	0.61	0.50	0.39	0.29	0.19	0.09	0.01	-0.06	-0.12	-0.17	-0.21	-0.23	-0.23	-0.23	-0.21	-0.19	-0.16	-0.13	-0.09	-0.05	-0.02	0.02	0.05	0.07	0.09	0.10	0.10	0.09	0.08	0.06	0.04	0.01	-0.02	-0.05	-0.08	-0.11	-0.13	-0.15	-0.17	-0.18	-0.18	-0.18	-0.17	-0.16	
P24452_277-328	1.15	1.13	1.10	1.04	0.98	0.89	0.80	0.70	0.59	0.47	0.36	0.25	0.14	0.04	-0.06	-0.14	-0.21	-0.27	-0.32	-0.35	-0.36	-0.37	-0.36	-0.34	-0.31	-0.28	-0.24	-0.19	-0.14	-0.09	-0.04	0.00	0.04	0.08	0.11	0.14	0.15	0.17	0.17	0.17	0.17	0.16	0.15	0.13	0.11	0.10	0.08	0.07	0.05	0.04	0.03	0.02	
P24452_277-328	0.72	0.70	0.68	0.65	0.61	0.56	0.50	0.44	0.37	0.30	0.23	0.16	0.09	0.03	-0.03	-0.09	-0.13	-0.17	-0.20	-0.23	-0.24	-0.25	-0.25	-0.24	-0.22	-0.21	-0.18	-0.15	-0.12	-0.09	-0.06	-0.03	-0.00	0.03	0.05	0.07	0.09	0.11	0.12	0.13	0.14	0.14	0.14	0.14	0.14	0.14	0.14	0.13	0.13	0.13	0.12	0.12	
P24452_277-328	1.21	1.20	1.16	1.11	1.05	0.97	0.88	0.78	0.68	0.58	0.47	0.37	0.27	0.17	0.09	0.01	-0.05	-0.10	-0.13	-0.16	-0.17	-0.17	-0.16	-0.14	-0.11	-0.08	-0.04	-0.00	0.04	0.07	0.11	0.13	0.15	0.17	0.17	0.17	0.16	0.14	0.11	0.08	0.04	0.00	-0.04	-0.08	-0.13	-0.17	-0.20	-0.24	-0.26	-0.28	-0.30	-0.30	
P24452_277-328	1.58	1.56	1.51	1.43	1.34	1.22	1.09	0.95	0.79	0.64	0.48	0.32	0.17	0.03	-0.10	-0.22	-0.31	-0.39	-0.45	-0.49	-0.52	-0.52	-0.51	-0.48	-0.44	-0.38	-0.32	-0.26	-0.19	-0.12	-0.06	0.01	0.06	0.11	0.15	0.18	0.20	0.21	0.21	0.20	0.19	0.17	0.15	0.12	0.09	0.06	0.03	0.01	-0.02	-0.04	-0.05	-0.06	
P24452_301-352	1.47	1.45	1.40	1.34	1.27	1.17	1.07	0.95	0.83	0.70	0.57	0.44	0.32	0.21	0.11	0.02	-0.05	-0.11	-0.15	-0.18	-0.20	-0.20	-0.19	-0.16	-0.13	-0.09	-0.05	-0.01	0.04	0.08	0.12	0.15	0.17	0.18	0.19	0.19	0.18	0.16	0.13	0.10	0.06	0.02	-0.02	-0.07	-0.11	-0.15	-0.18	-0.21	-0.23	-0.24	-0.25	-0.25	
P24452_301-352	1.29	1.27	1.23	1.18	1.11	1.03	0.94	0.83	0.72	0.61	0.50	0.39	0.28	0.19	0.10	0.02	-0.05	-0.10	-0.14	-0.16	-0.18	-0.18	-0.17	-0.15	-0.12	-0.08	-0.05	-0.01	0.03	0.07	0.10	0.13	0.15	0.16	0.17	0.17	0.16	0.14	0.12	0.09	0.05	0.02	-0.02	-0.06	-0.10	-0.13	-0.17	-0.19	-0.21	-0.23	-0.24	-0.24	
P24452_301-352	0.96	0.94	0.91	0.86	0.80	0.73	0.65	0.56	0.46	0.36	0.27	0.17	0.08	-0.01	-0.09	-0.15	-0.21	-0.26	-0.29	-0.31	-0.32	-0.32	-0.31	-0.29	-0.26	-0.23	-0.19	-0.16	-0.12	-0.08	-0.05	-0.02	0.00	0.02	0.03	0.04	0.04	0.03	0.02	0.00	-0.01	-0.04	-0.06	-0.08	-0.10	-0.12	-0.13	-0.14	-0.15	-0.15	-0.14	-0.14	
P24452_301-352	1.18	1.16	1.12	1.06	0.98	0.89	0.79	0.68	0.57	0.45	0.32	0.21	0.09	-0.01	-0.10	-0.19	-0.25	-0.31	-0.34	-0.37	-0.38	-0.37	-0.36	-0.33	-0.30	-0.26	-0.21	-0.16	-0.12	-0.07	-0.04	-0.00	0.03	0.05	0.06	0.06	0.06	0.05	0.03	0.01	-0.02	-0.05	-0.07	-0.10	-0.13	-0.15	-0.17	-0.18	-0.19	-0.19	-0.18	-0.17	
P24452_301-352	1.20	1.18	1.15	1.10	1.03	0.95	0.86	0.76	0.65	0.54	0.43	0.32	0.22	0.12	0.03	-0.05	-0.11	-0.16	-0.20	-0.23	-0.24	-0.24	-0.23	-0.21	-0.18	-0.14	-0.10	-0.06	-0.01	0.03	0.08	0.12	0.15	0.18	0.20	0.21	0.21	0.21	0.20	0.19	0.17	0.14	0.11	0.08	0.05	0.03	-0.00	-0.03	-0.05	-0.06	-0.07	-0.08	
P24452_301-352	1.19	1.17	1.13	1.08	1.01	0.92	0.83	0.72	0.61	0.49	0.38	0.26	0.16	0.05	-0.04	-0.12	-0.19	-0.24	-0.28	-0.31	-0.32	-0.32	-0.31	-0.29	-0.26	-0.22	-0.18	-0.13	-0.08	-0.04	0.01	0.04	0.08	0.11	0.13	0.14	0.15	0.15	0.15	0.13	0.12	0.10	0.08	0.06	0.04	0.01	-0.00	-0.02	-0.03	-0.03	-0.04	-0.03	
P24452_301-352	1.25	1.23	1.20	1.15	1.08	1.01	0.92	0.83	0.72	0.62	0.51	0.41	0.31	0.21	0.12	0.05	-0.02	-0.07	-0.12	-0.15	-0.17	-0.17	-0.17	-0.15	-0.13	-0.10	-0.06	-0.03	0.01	0.05	0.09	0.13	0.16	0.18	0.20	0.21	0.22	0.22	0.21	0.19	0.18	0.15	0.13	0.10	0.07	0.04	0.01	-0.01	-0.03	-0.05	-0.07	-0.08	
P24452_301-352	0.76	0.75	0.73	0.70	0.67	0.63	0.58	0.53	0.47	0.42	0.36	0.30	0.25	0.20	0.15	0.11	0.08	0.05	0.03	0.01	0.00	0.00	0.01	0.02	0.03	0.05	0.07	0.09	0.11	0.13	0.15	0.17	0.19	0.20	0.20	0.20	0.20	0.20	0.19	0.17	0.16	0.14	0.12	0.10	0.08	0.06	0.04	0.02	0.00	-0.01	-0.02	-0.03	
P24452_301-352	1.02	1.01	0.97	0.93	0.86	0.79	0.71	0.61	0.52	0.41	0.31	0.21	0.11	0.02	-0.06	-0.13	-0.20	-0.25	-0.29	-0.32	-0.33	-0.34	-0.33	-0.31	-0.29	-0.26	-0.23	-0.19	-0.15	-0.12	-0.08	-0.05	-0.03	-0.00	0.01	0.02	0.02	0.02	0.01	-0.01	-0.03	-0.05	-0.08	-0.10	-0.13	-0.15	-0.17	-0.19	-0.20	-0.21	-0.22	-0.22	
P24452_301-352	1.66	1.64	1.60	1.53	1.45	1.35	1.24	1.11	0.98	0.84	0.70	0.56	0.42	0.30	0.18	0.07	-0.02	-0.10	-0.16	-0.20	-0.23	-0.25	-0.25	-0.23	-0.21	-0.17	-0.13	-0.09	-0.04	0.01	0.06	0.10	0.14	0.17	0.20	0.21	0.22	0.22	0.21	0.20	0.18	0.15	0.12	0.09	0.06	0.02	-0.01	-0.04	-0.07	-0.09	-0.11	-0.12	
P24452_302-353	1.47	1.45	1.41	1.35	1.27	1.17	1.06	0.94	0.81	0.68	0.55	0.43	0.30	0.19	0.09	0.00	-0.07	-0.13	-0.17	-0.20	-0.21	-0.21	-0.19	-0.16	-0.13	-0.08	-0.04	0.01	0.06	0.10	0.14	0.17	0.20	0.21	0.22	0.21	0.20	0.18	0.15	0.12	0.08	0.03	-0.01	-0.06	-0.10	-0.14	-0.17	-0.20	-0.22	-0.24	-0.25	-0.25	
P24452_302-353	1.30	1.28	1.24	1.18	1.11	1.03	0.93	0.83	0.71	0.60	0.48	0.37	0.26	0.16	0.07	-0.01	-0.07	-0.12	-0.16	-0.18	-0.19	-0.19	-0.17	-0.15	-0.11	-0.08	-0.03	0.01	0.05	0.09	0.13	0.15	0.18	0.19	0.19	0.19	0.18	0.16	0.13	0.10	0.07	0.03	-0.01	-0.05	-0.09	-0.13	-0.16	-0.19	-0.21	-0.23	-0.23	-0.24	
P24452_302-353	0.95	0.93	0.90	0.86	0.80	0.73	0.65	0.57	0.47	0.38	0.28	0.19	0.10	0.02	-0.06	-0.13	-0.19	-0.23	-0.27	-0.29	-0.31	-0.31	-0.30	-0.29	-0.26	-0.23	-0.20	-0.17	-0.13	-0.10	-0.06	-0.03	-0.01	0.01	0.03	0.03	0.04	0.03	0.02	0.01	-0.01	-0.02	-0.05	-0.07	-0.09	-0.11	-0.12	-0.14	-0.15	-0.15	-0.15	-0.15	
P24452_302-353	1.16	1.14	1.11	1.05	0.98	0.90	0.80	0.69	0.58	0.47	0.35	0.23	0.12	0.02	-0.07	-0.15	-0.22	-0.28	-0.32	-0.35	-0.36	-0.36	-0.35	-0.33	-0.30	-0.26	-0.22	-0.18	-0.13	-0.09	-0.05	-0.02	0.01	0.04	0.05	0.06	0.06	0.05	0.04	0.02	-0.00	-0.03	-0.06	-0.08	-0.11	-0.13	-0.15	-0.17	-0.18	-0.19	-0.19	-0.18	
P24452_302-353	1.21	1.20	1.16	1.10	1.03	0.95	0.85	0.75	0.64	0.53	0.41	0.30	0.19	0.09	0.00	-0.07	-0.14	-0.19	-0.23	-0.25	-0.26	-0.26	-0.24	-0.21	-0.18	-0.14	-0.09	-0.05	-0.00	0.05	0.09	0.13	0.16	0.18	0.20	0.21	0.21	0.20	0.19	0.17	0.15	0.12	0.09	0.06	0.03	0.01	-0.02	-0.04	-0.06	-0.07	-0.08	-0.08	
P24452_302-353	1.18	1.16	1.13	1.07	1.00	0.92	0.82	0.72	0.61	0.50	0.38	0.27	0.16	0.06	-0.03	-0.11	-0.18	-0.24	-0.28	-0.31	-0.32	-0.32	-0.31	-0.29	-0.26	-0.23	-0.19	-0.14	-0.10	-0.05	-0.01	0.03	0.06	0.09	0.11	0.13	0.13	0.13	0.13	0.12	0.10	0.09	0.07	0.05	0.02	0.01	-0.01	-0.02	-0.03	-0.04	-0.04	-0.04	
P24452_302-353	1.27	1.25	1.22	1.16	1.09	1.01	0.92	0.81	0.70	0.59	0.48	0.37	0.26	0.17	0.08	-0.00	-0.07	-0.12	-0.15	-0.18	-0.19	-0.19	-0.17	-0.15	-0.12	-0.08	-0.04	0.00	0.05	0.09	0.12	0.16	0.18	0.20	0.22	0.22	0.22	0.21	0.20	0.18	0.15	0.13	0.10	0.07	0.04	0.01	-0.01	-0.03	-0.05	-0.06	-0.06	-0.06	
P24452_302-353	0.80	0.79	0.76	0.73	0.68	0.63	0.57	0.50	0.43	0.36	0.29	0.23	0.16	0.11	0.06	0.02	-0.01	-0.04	-0.05	-0.05	-0.05	-0.03	-0.02	0.01	0.04	0.07	0.10	0.13	0.16	0.19	0.21	0.22	0.23	0.24	0.23	0.23	0.21	0.19	0.17	0.15	0.12	0.09	0.06	0.04	0.01	-0.01	-0.02	-0.04	-0.04	-0.05	-0.05	-0.04	
P24452_302-353	1.01	0.99	0.96	0.92	0.86	0.79	0.71	0.62	0.53	0.44	0.34	0.24	0.15	0.06	-0.02	-0.10	-0.16	-0.21	-0.26	-0.29	-0.31	-0.32	-0.32	-0.31	-0.29	-0.26	-0.23	-0.20	-0.17	-0.13	-0.10	-0.07	-0.04	-0.02	0.00	0.01	0.02	0.02	0.02	0.01	-0.01	-0.03	-0.05	-0.07	-0.10	-0.12	-0.15	-0.17	-0.19	-0.20	-0.21	-0.22	
P24452_302-353	1.68	1.66	1.61	1.54	1.46	1.35	1.23	1.10	0.96	0.82	0.67	0.53	0.39	0.26	0.14	0.04	-0.05	-0.13	-0.18	-0.22	-0.25	-0.25	-0.25	-0.23	-0.20	-0.16	-0.11	-0.06	-0.01	0.04	0.09	0.13	0.16	0.19	0.21	0.22	0.22	0.22	0.20	0.18	0.16	0.13	0.10	0.06	0.03	-0.00	-0.03	-0.05	-0.08	-0.09	-0.10	-0.11	
