P99027_1-52	1.33	1.31	1.27	1.21	1.13	1.04	0.94	0.83	0.71	0.59	0.46	0.34	0.22	0.11	0.01	-0.08	-0.16	-0.22	-0.26	-0.29	-0.31	-0.31	-0.30	-0.27	-0.24	-0.20	-0.15	-0.10	-0.05	0.01	0.06	0.10	0.14	0.17	0.20	0.22	0.22	0.23	0.22	0.21	0.19	0.16	0.14	0.11	0.08	0.05	0.02	-0.01	-0.03	-0.05	-0.06	-0.07	
P99027_1-52	1.22	1.20	1.16	1.11	1.04	0.96	0.86	0.75	0.64	0.53	0.41	0.30	0.19	0.08	-0.01	-0.10	-0.17	-0.23	-0.27	-0.30	-0.32	-0.32	-0.31	-0.29	-0.26	-0.22	-0.18	-0.13	-0.08	-0.03	0.01	0.06	0.10	0.13	0.15	0.17	0.18	0.19	0.19	0.18	0.16	0.15	0.12	0.10	0.08	0.05	0.03	0.01	-0.01	-0.02	-0.04	-0.04	
P99027_1-52	1.01	1.00	0.97	0.92	0.86	0.79	0.70	0.61	0.52	0.42	0.32	0.23	0.14	0.05	-0.02	-0.08	-0.14	-0.18	-0.21	-0.22	-0.23	-0.22	-0.20	-0.18	-0.15	-0.11	-0.07	-0.03	0.01	0.05	0.08	0.11	0.14	0.16	0.17	0.17	0.17	0.16	0.15	0.13	0.11	0.09	0.07	0.04	0.02	0.00	-0.02	-0.03	-0.04	-0.04	-0.04	-0.03	
P99027_1-52	1.18	1.16	1.13	1.07	1.00	0.92	0.83	0.73	0.62	0.51	0.40	0.29	0.19	0.09	0.01	-0.06	-0.12	-0.17	-0.20	-0.22	-0.22	-0.21	-0.19	-0.16	-0.13	-0.09	-0.04	0.00	0.05	0.09	0.13	0.16	0.19	0.20	0.21	0.21	0.21	0.20	0.18	0.15	0.12	0.09	0.06	0.03	0.00	-0.02	-0.04	-0.06	-0.07	-0.08	-0.08	-0.07	
P99027_1-52	1.23	1.21	1.17	1.11	1.04	0.96	0.86	0.75	0.64	0.52	0.41	0.29	0.18	0.08	-0.02	-0.10	-0.18	-0.23	-0.28	-0.31	-0.32	-0.33	-0.32	-0.30	-0.27	-0.24	-0.20	-0.16	-0.12	-0.07	-0.04	-0.00	0.02	0.05	0.06	0.06	0.06	0.05	0.03	0.01	-0.02	-0.05	-0.08	-0.12	-0.15	-0.18	-0.21	-0.23	-0.25	-0.27	-0.27	-0.27	
P99027_1-52	1.28	1.26	1.22	1.17	1.09	1.01	0.90	0.79	0.68	0.56	0.43	0.31	0.20	0.09	-0.01	-0.10	-0.18	-0.24	-0.29	-0.32	-0.34	-0.35	-0.34	-0.32	-0.30	-0.26	-0.22	-0.18	-0.14	-0.10	-0.06	-0.02	0.01	0.03	0.05	0.05	0.05	0.04	0.03	0.01	-0.02	-0.05	-0.08	-0.11	-0.15	-0.18	-0.20	-0.23	-0.25	-0.26	-0.27	-0.27	
P99027_1-52	1.20	1.18	1.14	1.08	1.01	0.92	0.81	0.70	0.58	0.45	0.32	0.20	0.08	-0.03	-0.14	-0.23	-0.30	-0.37	-0.41	-0.45	-0.46	-0.46	-0.45	-0.43	-0.39	-0.35	-0.30	-0.25	-0.19	-0.14	-0.09	-0.04	0.01	0.04	0.07	0.09	0.10	0.11	0.10	0.09	0.08	0.05	0.03	-0.00	-0.03	-0.06	-0.09	-0.11	-0.14	-0.15	-0.16	-0.17	
P99027_1-52	0.70	0.69	0.66	0.63	0.58	0.52	0.45	0.38	0.30	0.22	0.13	0.05	-0.03	-0.11	-0.18	-0.24	-0.29	-0.34	-0.37	-0.40	-0.41	-0.42	-0.41	-0.40	-0.37	-0.34	-0.31	-0.26	-0.22	-0.18	-0.13	-0.08	-0.04	0.00	0.04	0.07	0.10	0.12	0.14	0.15	0.15	0.15	0.15	0.14	0.13	0.12	0.11	0.09	0.08	0.06	0.05	0.04	
P99027_1-52	1.26	1.24	1.20	1.15	1.08	1.00	0.90	0.80	0.69	0.58	0.46	0.35	0.25	0.15	0.06	-0.02	-0.08	-0.13	-0.17	-0.20	-0.21	-0.21	-0.20	-0.18	-0.15	-0.11	-0.08	-0.04	0.00	0.04	0.07	0.10	0.12	0.14	0.15	0.15	0.14	0.13	0.12	0.09	0.07	0.04	0.01	-0.01	-0.04	-0.06	-0.08	-0.10	-0.11	-0.11	-0.11	-0.11	
P99027_1-52	1.55	1.52	1.47	1.40	1.31	1.21	1.08	0.95	0.80	0.65	0.50	0.35	0.21	0.07	-0.05	-0.16	-0.25	-0.33	-0.39	-0.43	-0.45	-0.46	-0.45	-0.42	-0.39	-0.34	-0.29	-0.24	-0.18	-0.12	-0.07	-0.02	0.03	0.06	0.09	0.10	0.11	0.11	0.09	0.07	0.05	0.02	-0.02	-0.06	-0.09	-0.13	-0.17	-0.20	-0.22	-0.24	-0.26	-0.26	
P99027_15-66	1.32	1.29	1.25	1.19	1.12	1.02	0.92	0.80	0.68	0.55	0.43	0.30	0.18	0.07	-0.04	-0.13	-0.20	-0.27	-0.31	-0.35	-0.36	-0.37	-0.36	-0.34	-0.30	-0.27	-0.22	-0.18	-0.13	-0.08	-0.04	0.00	0.03	0.06	0.08	0.09	0.09	0.09	0.07	0.06	0.03	0.01	-0.02	-0.05	-0.08	-0.11	-0.14	-0.16	-0.17	-0.18	-0.19	-0.19	
P99027_15-66	1.25	1.23	1.19	1.13	1.06	0.97	0.87	0.76	0.64	0.52	0.40	0.28	0.17	0.06	-0.03	-0.12	-0.19	-0.25	-0.29	-0.32	-0.34	-0.34	-0.33	-0.31	-0.28	-0.24	-0.20	-0.16	-0.11	-0.07	-0.03	0.01	0.04	0.06	0.07	0.08	0.08	0.08	0.06	0.04	0.02	-0.01	-0.04	-0.07	-0.10	-0.13	-0.15	-0.18	-0.19	-0.20	-0.21	-0.21	
P99027_15-66	1.05	1.03	1.00	0.94	0.87	0.79	0.70	0.60	0.49	0.38	0.28	0.17	0.07	-0.02	-0.10	-0.17	-0.22	-0.27	-0.29	-0.31	-0.31	-0.30	-0.27	-0.24	-0.20	-0.16	-0.11	-0.07	-0.02	0.02	0.06	0.09	0.11	0.13	0.14	0.13	0.13	0.11	0.09	0.06	0.03	-0.01	-0.04	-0.07	-0.10	-0.13	-0.16	-0.17	-0.19	-0.19	-0.19	-0.19	
P99027_15-66	1.17	1.15	1.11	1.05	0.97	0.88	0.78	0.67	0.55	0.43	0.31	0.19	0.08	-0.03	-0.12	-0.20	-0.26	-0.31	-0.34	-0.36	-0.36	-0.34	-0.32	-0.28	-0.24	-0.19	-0.14	-0.08	-0.03	0.02	0.06	0.10	0.13	0.15	0.16	0.16	0.15	0.14	0.12	0.09	0.05	0.02	-0.02	-0.06	-0.09	-0.13	-0.15	-0.18	-0.19	-0.20	-0.20	-0.20	
P99027_15-66	1.24	1.22	1.18	1.13	1.06	0.98	0.89	0.79	0.68	0.57	0.45	0.34	0.24	0.13	0.04	-0.04	-0.11	-0.17	-0.22	-0.25	-0.27	-0.27	-0.27	-0.25	-0.22	-0.19	-0.15	-0.11	-0.06	-0.02	0.02	0.06	0.10	0.13	0.15	0.17	0.18	0.18	0.17	0.16	0.15	0.13	0.10	0.08	0.05	0.03	0.01	-0.01	-0.03	-0.05	-0.06	-0.06	
P99027_15-66	1.27	1.25	1.21	1.16	1.10	1.02	0.93	0.84	0.73	0.62	0.52	0.41	0.30	0.20	0.11	0.03	-0.04	-0.10	-0.15	-0.19	-0.21	-0.22	-0.22	-0.21	-0.19	-0.16	-0.13	-0.09	-0.06	-0.02	0.02	0.06	0.09	0.12	0.14	0.15	0.16	0.17	0.16	0.16	0.14	0.13	0.11	0.09	0.07	0.05	0.03	0.01	-0.00	-0.02	-0.02	-0.03	
P99027_15-66	1.31	1.29	1.26	1.21	1.14	1.06	0.96	0.86	0.75	0.63	0.52	0.40	0.29	0.18	0.08	-0.01	-0.09	-0.16	-0.21	-0.26	-0.28	-0.30	-0.30	-0.30	-0.28	-0.26	-0.22	-0.19	-0.15	-0.11	-0.07	-0.03	0.00	0.04	0.06	0.08	0.10	0.10	0.11	0.10	0.09	0.08	0.06	0.05	0.03	0.00	-0.02	-0.03	-0.05	-0.06	-0.07	-0.08	
P99027_15-66	0.81	0.81	0.79	0.76	0.72	0.68	0.63	0.57	0.51	0.45	0.38	0.32	0.25	0.19	0.12	0.06	0.01	-0.04	-0.08	-0.12	-0.15	-0.18	-0.20	-0.21	-0.22	-0.22	-0.22	-0.21	-0.20	-0.19	-0.17	-0.16	-0.14	-0.13	-0.11	-0.10	-0.08	-0.07	-0.06	-0.06	-0.05	-0.05	-0.05	-0.05	-0.05	-0.05	-0.06	-0.06	-0.06	-0.07	-0.07	-0.07	
P99027_15-66	1.23	1.20	1.16	1.10	1.02	0.93	0.82	0.70	0.58	0.45	0.32	0.20	0.09	-0.02	-0.11	-0.19	-0.26	-0.30	-0.33	-0.35	-0.34	-0.33	-0.30	-0.26	-0.21	-0.16	-0.10	-0.05	0.01	0.06	0.10	0.14	0.16	0.18	0.19	0.18	0.17	0.15	0.11	0.08	0.04	-0.01	-0.05	-0.09	-0.14	-0.17	-0.20	-0.23	-0.24	-0.25	-0.26	-0.25	
P99027_15-66	1.65	1.62	1.57	1.50	1.41	1.30	1.17	1.03	0.88	0.73	0.58	0.42	0.28	0.14	0.02	-0.09	-0.19	-0.26	-0.32	-0.36	-0.38	-0.38	-0.37	-0.34	-0.30	-0.25	-0.20	-0.14	-0.08	-0.02	0.04	0.09	0.13	0.17	0.19	0.21	0.21	0.21	0.20	0.18	0.15	0.12	0.08	0.04	0.00	-0.03	-0.07	-0.10	-0.12	-0.14	-0.14	-0.15	
P99027_26-77	1.40	1.38	1.33	1.27	1.18	1.08	0.96	0.84	0.70	0.57	0.43	0.30	0.17	0.06	-0.05	-0.13	-0.21	-0.26	-0.30	-0.32	-0.33	-0.32	-0.29	-0.26	-0.21	-0.17	-0.11	-0.06	-0.01	0.04	0.08	0.11	0.14	0.15	0.16	0.16	0.14	0.12	0.10	0.06	0.03	-0.01	-0.05	-0.09	-0.12	-0.15	-0.17	-0.19	-0.20	-0.20	-0.19	-0.18	
P99027_26-77	1.32	1.30	1.26	1.19	1.11	1.02	0.91	0.79	0.67	0.54	0.41	0.29	0.17	0.06	-0.03	-0.12	-0.18	-0.24	-0.27	-0.29	-0.30	-0.29	-0.27	-0.24	-0.20	-0.15	-0.10	-0.05	-0.00	0.04	0.08	0.12	0.14	0.16	0.16	0.16	0.15	0.13	0.11	0.08	0.05	0.01	-0.03	-0.06	-0.09	-0.12	-0.14	-0.15	-0.16	-0.16	-0.16	-0.15	
P99027_26-77	1.03	1.01	0.98	0.94	0.88	0.81	0.73	0.65	0.55	0.46	0.36	0.27	0.18	0.09	0.01	-0.06	-0.11	-0.16	-0.20	-0.23	-0.24	-0.25	-0.24	-0.23	-0.20	-0.17	-0.14	-0.11	-0.07	-0.03	0.00	0.04	0.06	0.09	0.11	0.12	0.13	0.13	0.12	0.11	0.10	0.09	0.07	0.05	0.03	0.01	-0.01	-0.02	-0.04	-0.05	-0.05	-0.05	
P99027_26-77	1.18	1.16	1.13	1.07	1.00	0.92	0.83	0.73	0.62	0.51	0.39	0.28	0.17	0.07	-0.02	-0.10	-0.17	-0.22	-0.27	-0.29	-0.31	-0.31	-0.30	-0.28	-0.25	-0.22	-0.17	-0.13	-0.08	-0.04	0.00	0.04	0.08	0.10	0.13	0.14	0.15	0.15	0.14	0.13	0.11	0.09	0.07	0.04	0.02	-0.01	-0.03	-0.05	-0.06	-0.07	-0.08	-0.08	
P99027_26-77	1.21	1.19	1.15	1.10	1.03	0.95	0.85	0.75	0.64	0.52	0.41	0.29	0.18	0.08	-0.01	-0.10	-0.17	-0.23	-0.27	-0.31	-0.32	-0.33	-0.32	-0.31	-0.28	-0.25	-0.21	-0.16	-0.12	-0.08	-0.03	0.00	0.04	0.06	0.09	0.10	0.11	0.10	0.10	0.08	0.06	0.04	0.01	-0.01	-0.04	-0.07	-0.10	-0.12	-0.14	-0.16	-0.17	-0.17	
P99027_26-77	1.17	1.15	1.12	1.07	1.01	0.93	0.85	0.76	0.66	0.55	0.45	0.34	0.24	0.15	0.06	-0.02	-0.09	-0.15	-0.20	-0.23	-0.26	-0.27	-0.27	-0.26	-0.24	-0.21	-0.18	-0.15	-0.11	-0.07	-0.04	-0.00	0.03	0.05	0.07	0.09	0.09	0.10	0.09	0.08	0.06	0.04	0.02	-0.00	-0.03	-0.06	-0.08	-0.11	-0.13	-0.15	-0.16	-0.17	
P99027_26-77	1.21	1.20	1.17	1.12	1.06	0.98	0.90	0.80	0.71	0.60	0.50	0.39	0.29	0.20	0.11	0.03	-0.04	-0.10	-0.15	-0.18	-0.21	-0.22	-0.23	-0.22	-0.21	-0.19	-0.17	-0.14	-0.12	-0.09	-0.06	-0.04	-0.02	-0.00	0.01	0.02	0.02	0.01	0.01	-0.01	-0.02	-0.04	-0.06	-0.07	-0.09	-0.11	-0.12	-0.14	-0.14	-0.15	-0.15	-0.15	
P99027_26-77	0.62	0.61	0.60	0.59	0.58	0.56	0.53	0.51	0.48	0.44	0.41	0.38	0.34	0.30	0.27	0.23	0.19	0.16	0.12	0.09	0.06	0.03	0.01	-0.02	-0.04	-0.05	-0.07	-0.08	-0.09	-0.10	-0.11	-0.11	-0.11	-0.11	-0.11	-0.11	-0.11	-0.10	-0.10	-0.09	-0.09	-0.08	-0.08	-0.07	-0.07	-0.06	-0.06	-0.06	-0.06	-0.06	-0.06	-0.06	
P99027_26-77	1.37	1.34	1.30	1.23	1.14	1.03	0.91	0.78	0.64	0.50	0.36	0.22	0.09	-0.03	-0.13	-0.22	-0.30	-0.35	-0.39	-0.40	-0.40	-0.38	-0.35	-0.31	-0.25	-0.19	-0.12	-0.05	0.02	0.08	0.14	0.20	0.24	0.27	0.29	0.30	0.30	0.28	0.26	0.23	0.19	0.15	0.11	0.06	0.02	-0.02	-0.06	-0.09	-0.11	-0.13	-0.13	-0.13	
P99027_26-77	1.69	1.66	1.61	1.53	1.42	1.30	1.16	1.00	0.84	0.67	0.50	0.34	0.18	0.04	-0.10	-0.21	-0.30	-0.38	-0.43	-0.46	-0.47	-0.46	-0.43	-0.39	-0.34	-0.28	-0.21	-0.14	-0.07	-0.01	0.05	0.10	0.15	0.18	0.20	0.20	0.20	0.18	0.16	0.12	0.08	0.04	-0.01	-0.06	-0.11	-0.15	-0.19	-0.22	-0.24	-0.25	-0.26	-0.25	
P99027_40-91	1.39	1.36	1.32	1.25	1.16	1.06	0.94	0.81	0.68	0.54	0.40	0.27	0.14	0.02	-0.08	-0.17	-0.25	-0.30	-0.34	-0.36	-0.36	-0.35	-0.32	-0.29	-0.24	-0.19	-0.13	-0.07	-0.01	0.04	0.09	0.13	0.16	0.18	0.19	0.19	0.19	0.17	0.14	0.11	0.07	0.03	-0.01	-0.05	-0.09	-0.13	-0.16	-0.18	-0.19	-0.20	-0.20	-0.20	
P99027_40-91	1.29	1.27	1.23	1.17	1.08	0.99	0.88	0.76	0.64	0.51	0.38	0.25	0.14	0.03	-0.07	-0.16	-0.22	-0.28	-0.31	-0.33	-0.34	-0.33	-0.30	-0.27	-0.23	-0.18	-0.13	-0.07	-0.02	0.03	0.07	0.11	0.14	0.16	0.17	0.17	0.16	0.14	0.12	0.09	0.06	0.02	-0.02	-0.05	-0.09	-0.12	-0.15	-0.17	-0.18	-0.19	-0.19	-0.19	
P99027_40-91	0.90	0.89	0.87	0.84	0.80	0.75	0.69	0.63	0.56	0.49	0.42	0.35	0.27	0.21	0.14	0.08	0.03	-0.02	-0.06	-0.09	-0.12	-0.14	-0.15	-0.15	-0.15	-0.15	-0.14	-0.13	-0.11	-0.09	-0.08	-0.06	-0.04	-0.03	-0.02	-0.01	0.00	0.01	0.01	0.01	0.01	0.01	0.00	-0.00	-0.01	-0.01	-0.02	-0.02	-0.03	-0.03	-0.03	-0.03	
P99027_40-91	1.10	1.08	1.05	1.01	0.96	0.89	0.82	0.74	0.65	0.56	0.46	0.37	0.28	0.20	0.12	0.04	-0.02	-0.08	-0.12	-0.16	-0.18	-0.20	-0.21	-0.20	-0.20	-0.18	-0.16	-0.14	-0.12	-0.09	-0.07	-0.04	-0.02	-0.00	0.01	0.02	0.03	0.03	0.03	0.03	0.02	0.01	0.00	-0.01	-0.02	-0.03	-0.04	-0.05	-0.06	-0.06	-0.06	-0.06	
P99027_40-91	1.28	1.26	1.22	1.17	1.09	1.00	0.90	0.79	0.67	0.55	0.43	0.31	0.19	0.09	-0.01	-0.10	-0.17	-0.23	-0.27	-0.30	-0.31	-0.31	-0.30	-0.28	-0.24	-0.20	-0.16	-0.11	-0.06	-0.01	0.03	0.07	0.11	0.14	0.16	0.17	0.17	0.17	0.15	0.13	0.11	0.08	0.05	0.02	-0.02	-0.05	-0.08	-0.10	-0.12	-0.14	-0.14	-0.15	
P99027_40-91	1.22	1.20	1.16	1.11	1.04	0.95	0.86	0.75	0.64	0.53	0.41	0.30	0.19	0.08	-0.01	-0.09	-0.16	-0.22	-0.26	-0.29	-0.30	-0.30	-0.29	-0.26	-0.23	-0.19	-0.15	-0.10	-0.05	-0.01	0.04	0.08	0.12	0.14	0.17	0.18	0.18	0.18	0.17	0.15	0.13	0.10	0.07	0.04	0.00	-0.03	-0.06	-0.09	-0.11	-0.13	-0.14	-0.15	
P99027_40-91	1.13	1.11	1.08	1.03	0.97	0.90	0.82	0.72	0.63	0.53	0.43	0.33	0.24	0.15	0.07	-0.00	-0.06	-0.11	-0.14	-0.17	-0.18	-0.18	-0.17	-0.15	-0.13	-0.10	-0.06	-0.03	0.01	0.05	0.08	0.10	0.13	0.14	0.15	0.15	0.15	0.14	0.12	0.10	0.07	0.04	0.01	-0.02	-0.05	-0.08	-0.11	-0.13	-0.15	-0.16	-0.17	-0.17	
P99027_40-91	0.31	0.31	0.31	0.30	0.30	0.29	0.28	0.28	0.27	0.26	0.25	0.24	0.23	0.22	0.21	0.20	0.18	0.17	0.16	0.15	0.14	0.13	0.11	0.10	0.09	0.08	0.07	0.06	0.05	0.04	0.04	0.03	0.02	0.01	0.00	-0.01	-0.01	-0.02	-0.03	-0.03	-0.04	-0.04	-0.05	-0.05	-0.05	-0.06	-0.06	-0.06	-0.06	-0.07	-0.07	-0.07	
P99027_40-91	1.43	1.41	1.36	1.29	1.20	1.10	0.98	0.85	0.71	0.56	0.42	0.28	0.14	0.02	-0.10	-0.20	-0.29	-0.35	-0.40	-0.44	-0.45	-0.45	-0.44	-0.41	-0.37	-0.32	-0.27	-0.21	-0.15	-0.09	-0.04	0.01	0.05	0.08	0.11	0.13	0.13	0.13	0.12	0.11	0.09	0.06	0.03	0.01	-0.02	-0.05	-0.07	-0.09	-0.11	-0.12	-0.12	-0.12	
P99027_40-91	1.82	1.79	1.73	1.64	1.53	1.39	1.24	1.07	0.89	0.71	0.52	0.34	0.17	0.01	-0.13	-0.26	-0.36	-0.44	-0.49	-0.53	-0.53	-0.52	-0.49	-0.45	-0.38	-0.31	-0.24	-0.15	-0.07	0.00	0.07	0.14	0.19	0.23	0.25	0.27	0.27	0.25	0.23	0.19	0.15	0.10	0.05	-0.01	-0.06	-0.11	-0.15	-0.19	-0.22	-0.24	-0.25	-0.25	
P99027_51-102	1.57	1.54	1.49	1.40	1.30	1.17	1.03	0.87	0.71	0.54	0.37	0.21	0.06	-0.08	-0.20	-0.30	-0.38	-0.44	-0.48	-0.50	-0.49	-0.46	-0.42	-0.36	-0.29	-0.21	-0.13	-0.05	0.04	0.11	0.18	0.24	0.28	0.31	0.33	0.33	0.32	0.29	0.26	0.21	0.16	0.11	0.05	-0.01	-0.07	-0.12	-0.16	-0.20	-0.23	-0.24	-0.25	-0.24	
P99027_51-102	1.50	1.47	1.41	1.34	1.23	1.11	0.98	0.83	0.67	0.51	0.35	0.20	0.06	-0.07	-0.19	-0.29	-0.36	-0.42	-0.45	-0.46	-0.45	-0.42	-0.38	-0.32	-0.25	-0.18	-0.10	-0.02	0.06	0.13	0.20	0.25	0.29	0.32	0.33	0.33	0.32	0.29	0.25	0.21	0.16	0.10	0.04	-0.02	-0.07	-0.12	-0.17	-0.20	-0.22	-0.24	-0.24	-0.23	
P99027_51-102	0.77	0.76	0.74	0.72	0.69	0.65	0.61	0.56	0.51	0.46	0.41	0.35	0.30	0.25	0.20	0.16	0.12	0.08	0.05	0.02	0.00	-0.01	-0.02	-0.03	-0.03	-0.03	-0.02	-0.02	-0.01	-0.01	0.00	0.01	0.01	0.02	0.02	0.02	0.02	0.01	0.01	-0.00	-0.01	-0.02	-0.03	-0.04	-0.04	-0.05	-0.06	-0.06	-0.07	-0.07	-0.07	-0.06	
P99027_51-102	0.90	0.90	0.88	0.85	0.82	0.77	0.73	0.67	0.61	0.55	0.49	0.42	0.36	0.30	0.24	0.18	0.13	0.08	0.04	0.00	-0.03	-0.05	-0.07	-0.08	-0.09	-0.09	-0.09	-0.09	-0.08	-0.07	-0.06	-0.05	-0.04	-0.03	-0.02	-0.01	-0.00	0.00	0.01	0.01	0.01	0.01	0.00	-0.00	-0.01	-0.02	-0.03	-0.03	-0.04	-0.05	-0.05	-0.06	
P99027_51-102	1.31	1.29	1.24	1.18	1.10	1.00	0.89	0.77	0.64	0.51	0.38	0.25	0.13	0.02	-0.09	-0.18	-0.25	-0.31	-0.35	-0.38	-0.39	-0.38	-0.36	-0.33	-0.29	-0.25	-0.19	-0.14	-0.08	-0.03	0.02	0.06	0.09	0.12	0.14	0.14	0.14	0.13	0.12	0.09	0.06	0.03	-0.01	-0.04	-0.08	-0.11	-0.14	-0.16	-0.18	-0.19	-0.19	-0.19	
P99027_51-102	1.14	1.13	1.09	1.04	0.98	0.90	0.81	0.72	0.61	0.51	0.40	0.29	0.19	0.09	-0.00	-0.08	-0.16	-0.21	-0.26	-0.30	-0.32	-0.33	-0.32	-0.31	-0.29	-0.26	-0.23	-0.19	-0.16	-0.12	-0.08	-0.04	-0.01	0.02	0.04	0.06	0.07	0.08	0.08	0.07	0.06	0.05	0.03	0.01	-0.01	-0.03	-0.05	-0.06	-0.08	-0.09	-0.10	-0.10	
P99027_51-102	1.30	1.27	1.22	1.15	1.06	0.95	0.82	0.69	0.54	0.40	0.26	0.12	-0.01	-0.12	-0.22	-0.30	-0.37	-0.41	-0.43	-0.43	-0.41	-0.37	-0.32	-0.26	-0.19	-0.11	-0.03	0.05	0.12	0.19	0.25	0.29	0.33	0.35	0.35	0.34	0.32	0.28	0.24	0.19	0.13	0.07	0.01	-0.05	-0.11	-0.16	-0.20	-0.23	-0.25	-0.26	-0.26	-0.25	
P99027_51-102	0.65	0.63	0.59	0.54	0.47	0.39	0.31	0.21	0.12	0.02	-0.07	-0.15	-0.22	-0.28	-0.32	-0.35	-0.36	-0.35	-0.32	-0.28	-0.22	-0.15	-0.08	0.01	0.10	0.18	0.26	0.34	0.41	0.46	0.50	0.52	0.53	0.52	0.50	0.46	0.40	0.34	0.26	0.18	0.10	0.02	-0.06	-0.14	-0.20	-0.26	-0.30	-0.33	-0.35	-0.35	-0.33	-0.30	
P99027_51-102	1.27	1.25	1.22	1.18	1.13	1.06	0.99	0.90	0.81	0.72	0.62	0.52	0.42	0.32	0.22	0.13	0.05	-0.03	-0.09	-0.15	-0.20	-0.24	-0.27	-0.29	-0.30	-0.30	-0.29	-0.28	-0.26	-0.24	-0.21	-0.18	-0.15	-0.12	-0.09	-0.06	-0.04	-0.01	0.01	0.02	0.04	0.04	0.05	0.05	0.05	0.04	0.03	0.02	0.01	0.00	-0.01	-0.03	
P99027_51-102	1.91	1.88	1.82	1.73	1.61	1.47	1.30	1.13	0.94	0.74	0.55	0.36	0.18	0.01	-0.14	-0.28	-0.39	-0.48	-0.54	-0.58	-0.59	-0.59	-0.56	-0.52	-0.46	-0.39	-0.31	-0.22	-0.14	-0.06	0.01	0.08	0.14	0.18	0.21	0.23	0.24	0.23	0.21	0.18	0.14	0.10	0.05	0.00	-0.05	-0.10	-0.14	-0.17	-0.20	-0.22	-0.23	-0.23	
P99027_65-116	1.55	1.53	1.48	1.41	1.32	1.21	1.09	0.95	0.81	0.66	0.51	0.35	0.21	0.07	-0.06	-0.17	-0.27	-0.35	-0.42	-0.47	-0.50	-0.51	-0.51	-0.49	-0.46	-0.42	-0.37	-0.31	-0.25	-0.19	-0.13	-0.08	-0.02	0.02	0.06	0.09	0.12	0.13	0.14	0.14	0.14	0.13	0.11	0.09	0.07	0.05	0.03	0.01	-0.01	-0.03	-0.04	-0.05	
P99027_65-116	1.49	1.46	1.42	1.35	1.26	1.16	1.04	0.90	0.76	0.62	0.47	0.32	0.18	0.04	-0.08	-0.19	-0.28	-0.36	-0.42	-0.47	-0.50	-0.51	-0.50	-0.48	-0.45	-0.40	-0.35	-0.30	-0.24	-0.17	-0.11	-0.06	-0.00	0.04	0.08	0.12	0.14	0.16	0.16	0.16	0.16	0.14	0.13	0.11	0.08	0.06	0.04	0.02	-0.00	-0.02	-0.04	-0.05	
P99027_65-116	0.67	0.66	0.64	0.61	0.57	0.52	0.47	0.42	0.36	0.30	0.24	0.19	0.13	0.08	0.04	0.00	-0.02	-0.04	-0.06	-0.06	-0.06	-0.05	-0.04	-0.02	0.00	0.03	0.05	0.08	0.10	0.13	0.14	0.16	0.17	0.17	0.17	0.16	0.15	0.14	0.12	0.09	0.07	0.04	0.02	-0.01	-0.03	-0.05	-0.07	-0.08	-0.09	-0.10	-0.10	-0.09	
P99027_65-116	0.77	0.76	0.74	0.71	0.67	0.62	0.57	0.51	0.45	0.38	0.32	0.26	0.20	0.15	0.10	0.06	0.03	0.01	-0.01	-0.02	-0.02	-0.01	0.00	0.02	0.04	0.06	0.08	0.10	0.12	0.13	0.15	0.15	0.15	0.15	0.14	0.13	0.11	0.08	0.06	0.03	0.00	-0.03	-0.06	-0.08	-0.10	-0.12	-0.13	-0.14	-0.15	-0.14	-0.13	-0.12	
P99027_65-116	1.37	1.35	1.31	1.24	1.16	1.07	0.96	0.83	0.71	0.57	0.44	0.31	0.18	0.06	-0.05	-0.14	-0.22	-0.29	-0.34	-0.37	-0.39	-0.39	-0.38	-0.35	-0.32	-0.27	-0.22	-0.17	-0.12	-0.06	-0.01	0.04	0.08	0.11	0.14	0.15	0.16	0.16	0.15	0.14	0.11	0.09	0.06	0.02	-0.01	-0.04	-0.07	-0.10	-0.12	-0.14	-0.15	-0.16	
P99027_65-116	1.29	1.27	1.23	1.16	1.08	0.99	0.88	0.76	0.64	0.51	0.38	0.26	0.14	0.03	-0.07	-0.15	-0.22	-0.28	-0.31	-0.33	-0.34	-0.33	-0.31	-0.27	-0.23	-0.18	-0.12	-0.07	-0.01	0.04	0.08	0.12	0.15	0.17	0.19	0.19	0.18	0.16	0.14	0.10	0.06	0.02	-0.02	-0.07	-0.11	-0.15	-0.18	-0.21	-0.24	-0.25	-0.26	-0.26	
P99027_65-116	1.42	1.40	1.35	1.28	1.18	1.07	0.94	0.80	0.65	0.50	0.34	0.19	0.04	-0.10	-0.22	-0.33	-0.43	-0.50	-0.56	-0.59	-0.61	-0.61	-0.59	-0.55	-0.50	-0.44	-0.38	-0.30	-0.22	-0.14	-0.07	0.00	0.07	0.13	0.18	0.22	0.25	0.26	0.27	0.27	0.26	0.24	0.21	0.18	0.15	0.12	0.08	0.04	0.01	-0.02	-0.05	-0.07	
P99027_65-116	0.84	0.82	0.78	0.72	0.65	0.56	0.45	0.34	0.23	0.10	-0.02	-0.14	-0.25	-0.35	-0.45	-0.53	-0.60	-0.64	-0.68	-0.69	-0.69	-0.68	-0.64	-0.60	-0.54	-0.47	-0.40	-0.31	-0.23	-0.14	-0.06	0.02	0.10	0.17	0.23	0.28	0.32	0.35	0.38	0.39	0.39	0.39	0.38	0.36	0.33	0.30	0.27	0.24	0.20	0.17	0.13	0.10	
P99027_65-116	1.13	1.12	1.09	1.05	1.00	0.93	0.86	0.78	0.70	0.62	0.53	0.45	0.37	0.29	0.23	0.17	0.12	0.08	0.05	0.02	0.01	0.01	0.01	0.02	0.03	0.05	0.06	0.08	0.09	0.10	0.11	0.11	0.11	0.10	0.08	0.06	0.04	0.01	-0.03	-0.06	-0.10	-0.13	-0.17	-0.20	-0.22	-0.24	-0.25	-0.26	-0.26	-0.25	-0.24	-0.22	
P99027_65-116	1.93	1.90	1.85	1.76	1.66	1.53	1.39	1.23	1.06	0.88	0.70	0.52	0.35	0.19	0.04	-0.10	-0.22	-0.32	-0.40	-0.45	-0.49	-0.51	-0.51	-0.49	-0.46	-0.42	-0.36	-0.30	-0.24	-0.17	-0.11	-0.05	0.01	0.05	0.09	0.12	0.14	0.15	0.15	0.14	0.13	0.10	0.08	0.04	0.01	-0.02	-0.06	-0.09	-0.12	-0.14	-0.16	-0.17	
