Q64433_1-52	1.46	1.44	1.40	1.34	1.26	1.17	1.07	0.96	0.83	0.71	0.58	0.46	0.33	0.22	0.11	0.02	-0.06	-0.13	-0.19	-0.23	-0.25	-0.26	-0.26	-0.25	-0.23	-0.19	-0.16	-0.12	-0.07	-0.03	0.01	0.04	0.08	0.10	0.12	0.13	0.13	0.13	0.12	0.10	0.07	0.04	0.01	-0.02	-0.06	-0.09	-0.12	-0.15	-0.17	-0.19	-0.20	-0.20	
Q64433_1-52	1.34	1.32	1.29	1.23	1.16	1.08	0.98	0.87	0.76	0.64	0.52	0.40	0.29	0.18	0.08	-0.01	-0.09	-0.15	-0.20	-0.24	-0.26	-0.27	-0.27	-0.26	-0.23	-0.20	-0.17	-0.13	-0.09	-0.04	-0.00	0.03	0.07	0.09	0.11	0.12	0.13	0.12	0.11	0.10	0.08	0.05	0.02	-0.01	-0.04	-0.07	-0.10	-0.12	-0.14	-0.16	-0.17	-0.17	
Q64433_1-52	1.10	1.08	1.05	1.00	0.93	0.85	0.76	0.66	0.55	0.45	0.34	0.23	0.13	0.04	-0.05	-0.12	-0.18	-0.22	-0.26	-0.28	-0.28	-0.28	-0.26	-0.24	-0.20	-0.16	-0.12	-0.08	-0.04	0.00	0.04	0.07	0.09	0.11	0.11	0.11	0.10	0.09	0.06	0.04	0.00	-0.03	-0.07	-0.10	-0.13	-0.16	-0.19	-0.21	-0.22	-0.23	-0.23	-0.22	
Q64433_1-52	1.26	1.24	1.20	1.14	1.07	0.98	0.88	0.77	0.65	0.53	0.41	0.29	0.17	0.07	-0.02	-0.11	-0.17	-0.23	-0.27	-0.29	-0.30	-0.29	-0.27	-0.24	-0.21	-0.16	-0.11	-0.06	-0.02	0.03	0.07	0.11	0.14	0.16	0.17	0.17	0.16	0.14	0.12	0.09	0.05	0.01	-0.03	-0.07	-0.11	-0.15	-0.18	-0.21	-0.23	-0.24	-0.25	-0.24	
Q64433_1-52	1.13	1.11	1.07	1.02	0.95	0.87	0.78	0.68	0.57	0.46	0.35	0.24	0.13	0.04	-0.05	-0.13	-0.19	-0.24	-0.28	-0.31	-0.32	-0.32	-0.30	-0.28	-0.25	-0.21	-0.17	-0.12	-0.07	-0.03	0.02	0.06	0.09	0.12	0.14	0.15	0.16	0.16	0.16	0.15	0.13	0.12	0.09	0.07	0.05	0.03	0.01	-0.01	-0.02	-0.03	-0.04	-0.04	
Q64433_1-52	1.03	1.01	0.98	0.93	0.86	0.79	0.70	0.60	0.50	0.40	0.29	0.19	0.09	0.00	-0.08	-0.15	-0.21	-0.25	-0.28	-0.30	-0.31	-0.30	-0.28	-0.26	-0.22	-0.19	-0.14	-0.10	-0.05	-0.01	0.03	0.06	0.09	0.12	0.14	0.15	0.15	0.15	0.14	0.13	0.11	0.10	0.08	0.06	0.04	0.02	0.00	-0.01	-0.02	-0.03	-0.03	-0.03	
Q64433_1-52	1.07	1.05	1.02	0.97	0.91	0.84	0.75	0.66	0.56	0.45	0.35	0.25	0.15	0.05	-0.03	-0.11	-0.17	-0.22	-0.26	-0.29	-0.31	-0.31	-0.30	-0.29	-0.26	-0.23	-0.20	-0.16	-0.12	-0.08	-0.04	-0.01	0.02	0.05	0.07	0.08	0.09	0.09	0.09	0.08	0.07	0.05	0.04	0.02	-0.00	-0.02	-0.04	-0.05	-0.07	-0.08	-0.08	-0.08	
Q64433_1-52	0.58	0.57	0.56	0.54	0.52	0.49	0.46	0.42	0.38	0.34	0.29	0.24	0.20	0.15	0.11	0.07	0.03	-0.01	-0.04	-0.07	-0.10	-0.12	-0.13	-0.15	-0.15	-0.16	-0.16	-0.15	-0.15	-0.14	-0.13	-0.12	-0.10	-0.09	-0.08	-0.06	-0.05	-0.04	-0.03	-0.03	-0.02	-0.02	-0.02	-0.02	-0.03	-0.03	-0.04	-0.05	-0.05	-0.06	-0.07	-0.08	
Q64433_1-52	1.34	1.32	1.28	1.21	1.13	1.04	0.93	0.81	0.69	0.56	0.43	0.31	0.19	0.08	-0.02	-0.11	-0.18	-0.23	-0.27	-0.30	-0.30	-0.30	-0.28	-0.25	-0.21	-0.16	-0.11	-0.06	-0.01	0.04	0.08	0.12	0.14	0.16	0.17	0.17	0.16	0.14	0.12	0.08	0.05	0.01	-0.03	-0.07	-0.11	-0.14	-0.17	-0.19	-0.21	-0.22	-0.22	-0.21	
Q64433_1-52	1.59	1.56	1.51	1.43	1.34	1.22	1.09	0.94	0.79	0.63	0.47	0.32	0.17	0.03	-0.09	-0.20	-0.29	-0.36	-0.41	-0.45	-0.46	-0.45	-0.43	-0.40	-0.35	-0.29	-0.23	-0.17	-0.10	-0.04	0.02	0.08	0.12	0.16	0.18	0.20	0.20	0.20	0.18	0.16	0.13	0.10	0.07	0.03	-0.00	-0.03	-0.06	-0.08	-0.09	-0.10	-0.10	-0.10	
Q64433_2-53	1.42	1.40	1.36	1.31	1.24	1.15	1.05	0.94	0.83	0.71	0.59	0.46	0.35	0.23	0.13	0.03	-0.05	-0.12	-0.18	-0.22	-0.25	-0.26	-0.27	-0.26	-0.24	-0.21	-0.18	-0.14	-0.10	-0.06	-0.02	0.02	0.05	0.08	0.10	0.12	0.13	0.13	0.12	0.11	0.08	0.06	0.03	-0.00	-0.04	-0.07	-0.10	-0.13	-0.16	-0.18	-0.20	-0.21	
Q64433_2-53	1.30	1.29	1.25	1.20	1.13	1.05	0.96	0.86	0.75	0.63	0.52	0.40	0.29	0.19	0.09	-0.00	-0.08	-0.15	-0.20	-0.24	-0.27	-0.28	-0.28	-0.27	-0.25	-0.23	-0.19	-0.16	-0.12	-0.08	-0.04	0.00	0.04	0.06	0.09	0.10	0.11	0.11	0.11	0.10	0.08	0.06	0.03	0.00	-0.03	-0.06	-0.09	-0.11	-0.14	-0.16	-0.17	-0.18	
Q64433_2-53	1.09	1.07	1.04	0.99	0.92	0.85	0.76	0.66	0.56	0.45	0.35	0.25	0.15	0.05	-0.03	-0.10	-0.16	-0.21	-0.25	-0.27	-0.28	-0.28	-0.26	-0.24	-0.21	-0.17	-0.13	-0.09	-0.05	-0.01	0.03	0.06	0.09	0.10	0.12	0.12	0.11	0.10	0.08	0.06	0.03	-0.00	-0.04	-0.07	-0.11	-0.14	-0.17	-0.19	-0.21	-0.23	-0.23	-0.23	
Q64433_2-53	1.26	1.24	1.20	1.15	1.07	0.98	0.88	0.77	0.66	0.54	0.42	0.30	0.19	0.08	-0.01	-0.10	-0.17	-0.22	-0.26	-0.28	-0.29	-0.29	-0.27	-0.24	-0.21	-0.16	-0.12	-0.07	-0.02	0.03	0.07	0.11	0.14	0.17	0.18	0.18	0.18	0.16	0.14	0.11	0.08	0.04	-0.00	-0.04	-0.08	-0.12	-0.16	-0.19	-0.21	-0.23	-0.24	-0.24	
Q64433_2-53	1.17	1.15	1.11	1.05	0.98	0.89	0.79	0.69	0.57	0.45	0.34	0.22	0.12	0.02	-0.07	-0.15	-0.22	-0.26	-0.30	-0.32	-0.32	-0.32	-0.30	-0.27	-0.23	-0.19	-0.14	-0.09	-0.04	0.00	0.05	0.08	0.11	0.14	0.15	0.16	0.16	0.16	0.14	0.13	0.11	0.09	0.06	0.04	0.02	0.00	-0.02	-0.03	-0.03	-0.04	-0.04	-0.03	
Q64433_2-53	1.06	1.04	1.01	0.95	0.88	0.80	0.71	0.61	0.50	0.39	0.28	0.18	0.08	-0.01	-0.09	-0.16	-0.22	-0.26	-0.29	-0.31	-0.31	-0.30	-0.28	-0.25	-0.21	-0.17	-0.12	-0.08	-0.03	0.01	0.05	0.08	0.11	0.13	0.14	0.15	0.15	0.14	0.13	0.11	0.09	0.07	0.05	0.03	0.01	-0.00	-0.02	-0.03	-0.03	-0.03	-0.03	-0.02	
Q64433_2-53	1.08	1.07	1.03	0.98	0.92	0.85	0.76	0.67	0.57	0.46	0.36	0.26	0.16	0.06	-0.02	-0.10	-0.16	-0.21	-0.25	-0.28	-0.30	-0.30	-0.29	-0.28	-0.25	-0.22	-0.19	-0.15	-0.11	-0.07	-0.04	-0.00	0.03	0.05	0.07	0.08	0.09	0.09	0.09	0.08	0.07	0.05	0.03	0.01	-0.01	-0.02	-0.04	-0.06	-0.07	-0.07	-0.08	-0.08	
Q64433_2-53	0.57	0.57	0.55	0.54	0.52	0.49	0.46	0.42	0.38	0.34	0.30	0.26	0.21	0.17	0.13	0.09	0.05	0.01	-0.02	-0.05	-0.08	-0.10	-0.12	-0.13	-0.14	-0.14	-0.15	-0.15	-0.14	-0.13	-0.13	-0.12	-0.10	-0.09	-0.08	-0.07	-0.05	-0.04	-0.03	-0.03	-0.02	-0.02	-0.01	-0.01	-0.02	-0.02	-0.02	-0.03	-0.04	-0.05	-0.06	-0.07	
Q64433_2-53	1.33	1.31	1.27	1.21	1.13	1.03	0.92	0.81	0.68	0.55	0.42	0.30	0.18	0.07	-0.03	-0.12	-0.19	-0.25	-0.29	-0.31	-0.32	-0.31	-0.29	-0.26	-0.22	-0.17	-0.12	-0.07	-0.02	0.03	0.08	0.11	0.14	0.16	0.17	0.17	0.16	0.15	0.12	0.09	0.05	0.01	-0.03	-0.07	-0.11	-0.15	-0.18	-0.21	-0.22	-0.23	-0.24	-0.23	
Q64433_2-53	1.61	1.58	1.53	1.45	1.35	1.23	1.09	0.94	0.79	0.63	0.46	0.31	0.16	0.02	-0.11	-0.22	-0.31	-0.38	-0.43	-0.46	-0.47	-0.46	-0.44	-0.40	-0.35	-0.29	-0.23	-0.16	-0.09	-0.03	0.03	0.08	0.13	0.16	0.18	0.19	0.19	0.18	0.16	0.14	0.11	0.07	0.04	-0.00	-0.04	-0.07	-0.09	-0.11	-0.13	-0.13	-0.13	-0.12	
Q64433_26-77	1.20	1.18	1.15	1.09	1.02	0.94	0.85	0.74	0.64	0.52	0.41	0.30	0.20	0.10	0.01	-0.07	-0.13	-0.18	-0.22	-0.24	-0.25	-0.25	-0.24	-0.21	-0.18	-0.15	-0.10	-0.06	-0.02	0.02	0.05	0.08	0.11	0.12	0.13	0.13	0.12	0.10	0.08	0.05	0.02	-0.02	-0.05	-0.09	-0.13	-0.16	-0.19	-0.22	-0.24	-0.25	-0.25	-0.25	
Q64433_26-77	1.15	1.13	1.10	1.05	0.98	0.90	0.81	0.72	0.61	0.51	0.40	0.29	0.19	0.10	0.02	-0.06	-0.12	-0.17	-0.21	-0.23	-0.24	-0.24	-0.23	-0.21	-0.18	-0.14	-0.10	-0.06	-0.02	0.02	0.05	0.08	0.11	0.13	0.14	0.14	0.13	0.12	0.10	0.07	0.04	0.01	-0.03	-0.06	-0.10	-0.13	-0.16	-0.19	-0.21	-0.23	-0.24	-0.24	
Q64433_26-77	1.09	1.07	1.04	0.99	0.92	0.85	0.76	0.67	0.57	0.46	0.36	0.26	0.16	0.07	-0.01	-0.09	-0.15	-0.19	-0.23	-0.25	-0.26	-0.26	-0.25	-0.23	-0.20	-0.16	-0.13	-0.09	-0.05	-0.01	0.03	0.06	0.09	0.10	0.12	0.12	0.12	0.11	0.09	0.07	0.04	0.01	-0.02	-0.05	-0.08	-0.11	-0.13	-0.16	-0.17	-0.18	-0.19	-0.19	
Q64433_26-77	1.22	1.20	1.16	1.11	1.04	0.95	0.86	0.75	0.64	0.52	0.41	0.29	0.19	0.09	-0.00	-0.08	-0.15	-0.20	-0.24	-0.26	-0.27	-0.27	-0.25	-0.23	-0.20	-0.16	-0.12	-0.07	-0.03	0.01	0.04	0.07	0.09	0.11	0.11	0.11	0.10	0.09	0.06	0.03	0.00	-0.03	-0.07	-0.11	-0.14	-0.17	-0.19	-0.21	-0.23	-0.23	-0.23	-0.22	
Q64433_26-77	1.31	1.29	1.25	1.19	1.12	1.03	0.93	0.82	0.70	0.57	0.45	0.33	0.21	0.10	-0.01	-0.10	-0.18	-0.24	-0.29	-0.33	-0.35	-0.36	-0.36	-0.34	-0.31	-0.28	-0.24	-0.19	-0.14	-0.10	-0.05	-0.00	0.04	0.07	0.10	0.12	0.14	0.15	0.15	0.15	0.14	0.12	0.11	0.09	0.07	0.05	0.04	0.02	0.01	-0.00	-0.01	-0.02	
Q64433_26-77	1.24	1.22	1.19	1.13	1.06	0.97	0.87	0.76	0.65	0.53	0.41	0.29	0.17	0.07	-0.03	-0.12	-0.19	-0.25	-0.30	-0.33	-0.35	-0.35	-0.34	-0.32	-0.29	-0.26	-0.21	-0.17	-0.12	-0.07	-0.03	0.02	0.05	0.09	0.11	0.13	0.14	0.15	0.15	0.15	0.14	0.12	0.11	0.09	0.07	0.05	0.04	0.02	0.01	0.00	-0.00	-0.00	
Q64433_26-77	1.15	1.13	1.09	1.04	0.98	0.90	0.81	0.71	0.61	0.50	0.39	0.28	0.17	0.08	-0.01	-0.10	-0.16	-0.22	-0.26	-0.30	-0.31	-0.32	-0.31	-0.29	-0.27	-0.23	-0.20	-0.15	-0.11	-0.06	-0.02	0.02	0.06	0.09	0.11	0.13	0.14	0.15	0.15	0.14	0.13	0.11	0.09	0.06	0.04	0.01	-0.01	-0.03	-0.05	-0.07	-0.08	-0.09	
Q64433_26-77	0.62	0.61	0.58	0.55	0.51	0.46	0.41	0.35	0.28	0.21	0.15	0.08	0.02	-0.03	-0.08	-0.12	-0.16	-0.18	-0.20	-0.20	-0.20	-0.19	-0.17	-0.15	-0.12	-0.08	-0.05	-0.01	0.03	0.06	0.10	0.13	0.15	0.17	0.19	0.20	0.20	0.20	0.19	0.17	0.15	0.13	0.11	0.08	0.05	0.03	0.00	-0.02	-0.04	-0.06	-0.08	-0.09	
Q64433_26-77	1.27	1.25	1.22	1.16	1.09	1.00	0.90	0.80	0.68	0.56	0.45	0.33	0.22	0.11	0.01	-0.07	-0.15	-0.21	-0.25	-0.28	-0.30	-0.30	-0.30	-0.28	-0.25	-0.21	-0.17	-0.13	-0.09	-0.05	-0.01	0.03	0.06	0.08	0.10	0.11	0.11	0.10	0.09	0.07	0.04	0.02	-0.01	-0.04	-0.07	-0.10	-0.13	-0.15	-0.17	-0.18	-0.18	-0.18	
Q64433_26-77	1.61	1.59	1.55	1.48	1.40	1.29	1.18	1.05	0.91	0.77	0.62	0.47	0.33	0.19	0.07	-0.05	-0.15	-0.24	-0.31	-0.36	-0.40	-0.43	-0.43	-0.43	-0.41	-0.38	-0.34	-0.29	-0.24	-0.19	-0.14	-0.09	-0.04	0.00	0.04	0.07	0.09	0.11	0.11	0.12	0.11	0.10	0.08	0.07	0.04	0.02	-0.00	-0.02	-0.04	-0.06	-0.07	-0.08	
Q64433_27-78	1.16	1.14	1.11	1.06	1.00	0.92	0.83	0.74	0.64	0.53	0.43	0.32	0.22	0.13	0.04	-0.03	-0.10	-0.15	-0.19	-0.22	-0.24	-0.24	-0.24	-0.22	-0.20	-0.17	-0.13	-0.09	-0.05	-0.02	0.02	0.05	0.08	0.10	0.11	0.12	0.12	0.11	0.10	0.07	0.05	0.02	-0.01	-0.05	-0.08	-0.12	-0.15	-0.18	-0.20	-0.22	-0.24	-0.24	
Q64433_27-78	1.11	1.09	1.06	1.01	0.95	0.88	0.80	0.71	0.61	0.51	0.41	0.31	0.22	0.12	0.04	-0.03	-0.10	-0.15	-0.19	-0.22	-0.23	-0.24	-0.23	-0.22	-0.19	-0.16	-0.13	-0.09	-0.05	-0.02	0.02	0.05	0.08	0.10	0.12	0.12	0.13	0.12	0.11	0.09	0.07	0.04	0.01	-0.03	-0.06	-0.09	-0.13	-0.16	-0.18	-0.20	-0.22	-0.23	
Q64433_27-78	1.05	1.03	1.00	0.96	0.89	0.82	0.74	0.65	0.55	0.45	0.35	0.25	0.15	0.06	-0.02	-0.09	-0.15	-0.20	-0.24	-0.26	-0.28	-0.28	-0.27	-0.25	-0.23	-0.20	-0.16	-0.12	-0.08	-0.04	-0.01	0.03	0.05	0.08	0.09	0.10	0.10	0.09	0.08	0.06	0.04	0.01	-0.02	-0.05	-0.08	-0.11	-0.14	-0.16	-0.18	-0.20	-0.21	-0.21	
Q64433_27-78	1.19	1.17	1.13	1.08	1.01	0.93	0.84	0.73	0.62	0.51	0.40	0.29	0.18	0.08	-0.00	-0.08	-0.15	-0.20	-0.24	-0.27	-0.28	-0.28	-0.27	-0.25	-0.22	-0.19	-0.15	-0.11	-0.06	-0.02	0.01	0.04	0.07	0.09	0.10	0.10	0.10	0.08	0.06	0.04	0.01	-0.03	-0.06	-0.10	-0.14	-0.17	-0.20	-0.22	-0.24	-0.25	-0.26	-0.26	
Q64433_27-78	1.37	1.35	1.30	1.24	1.16	1.06	0.95	0.83	0.71	0.57	0.44	0.31	0.19	0.07	-0.03	-0.12	-0.20	-0.26	-0.31	-0.34	-0.35	-0.35	-0.34	-0.31	-0.28	-0.24	-0.19	-0.14	-0.09	-0.04	0.00	0.05	0.08	0.11	0.13	0.14	0.15	0.15	0.14	0.13	0.11	0.09	0.07	0.05	0.03	0.02	0.00	-0.01	-0.01	-0.01	-0.01	-0.00	
Q64433_27-78	1.30	1.28	1.24	1.18	1.10	1.01	0.90	0.78	0.66	0.53	0.40	0.28	0.16	0.05	-0.05	-0.13	-0.21	-0.26	-0.31	-0.33	-0.34	-0.34	-0.32	-0.30	-0.26	-0.22	-0.17	-0.12	-0.07	-0.02	0.02	0.06	0.10	0.12	0.14	0.15	0.16	0.16	0.15	0.13	0.12	0.10	0.08	0.06	0.04	0.02	0.01	0.00	-0.00	-0.00	0.00	0.01	
Q64433_27-78	1.16	1.14	1.11	1.06	0.99	0.91	0.82	0.72	0.61	0.50	0.39	0.28	0.18	0.08	-0.01	-0.09	-0.16	-0.21	-0.26	-0.29	-0.30	-0.31	-0.30	-0.28	-0.25	-0.22	-0.18	-0.14	-0.10	-0.05	-0.01	0.03	0.06	0.09	0.11	0.13	0.14	0.14	0.14	0.13	0.12	0.10	0.08	0.06	0.04	0.02	-0.00	-0.02	-0.04	-0.05	-0.06	-0.07	
Q64433_27-78	0.60	0.59	0.57	0.54	0.50	0.46	0.41	0.35	0.29	0.23	0.17	0.11	0.05	-0.00	-0.05	-0.10	-0.13	-0.16	-0.18	-0.19	-0.19	-0.19	-0.17	-0.16	-0.13	-0.10	-0.07	-0.04	-0.00	0.03	0.07	0.10	0.12	0.15	0.17	0.18	0.19	0.19	0.19	0.19	0.18	0.16	0.14	0.12	0.10	0.08	0.05	0.03	0.01	-0.01	-0.03	-0.05	
Q64433_27-78	1.27	1.25	1.21	1.16	1.08	0.99	0.89	0.78	0.67	0.55	0.43	0.31	0.19	0.09	-0.01	-0.10	-0.17	-0.23	-0.27	-0.30	-0.32	-0.32	-0.31	-0.29	-0.26	-0.22	-0.18	-0.13	-0.09	-0.04	-0.00	0.03	0.06	0.08	0.10	0.10	0.10	0.09	0.08	0.06	0.03	-0.00	-0.04	-0.07	-0.10	-0.13	-0.16	-0.18	-0.20	-0.21	-0.21	-0.21	
Q64433_27-78	1.66	1.64	1.59	1.52	1.43	1.32	1.19	1.06	0.91	0.76	0.61	0.46	0.31	0.17	0.04	-0.07	-0.17	-0.25	-0.32	-0.37	-0.40	-0.41	-0.41	-0.40	-0.37	-0.34	-0.29	-0.24	-0.19	-0.14	-0.09	-0.05	-0.01	0.03	0.05	0.07	0.09	0.09	0.09	0.08	0.07	0.05	0.04	0.01	-0.01	-0.03	-0.04	-0.06	-0.07	-0.08	-0.08	-0.08	
Q64433_51-102	1.16	1.14	1.10	1.05	0.98	0.89	0.79	0.69	0.57	0.46	0.34	0.22	0.11	0.01	-0.08	-0.17	-0.24	-0.29	-0.33	-0.36	-0.37	-0.37	-0.35	-0.33	-0.29	-0.25	-0.21	-0.16	-0.11	-0.06	-0.01	0.03	0.06	0.09	0.11	0.12	0.12	0.12	0.11	0.09	0.06	0.04	0.00	-0.03	-0.06	-0.09	-0.12	-0.15	-0.17	-0.19	-0.20	-0.21	
Q64433_51-102	1.10	1.08	1.04	0.99	0.93	0.85	0.76	0.66	0.55	0.44	0.33	0.23	0.12	0.03	-0.06	-0.14	-0.20	-0.26	-0.29	-0.32	-0.33	-0.33	-0.32	-0.30	-0.27	-0.24	-0.20	-0.15	-0.11	-0.07	-0.03	0.01	0.04	0.06	0.08	0.09	0.10	0.09	0.08	0.06	0.04	0.02	-0.01	-0.04	-0.07	-0.10	-0.12	-0.15	-0.17	-0.18	-0.19	-0.20	
Q64433_51-102	1.10	1.08	1.04	0.99	0.92	0.83	0.74	0.63	0.52	0.41	0.30	0.19	0.08	-0.01	-0.10	-0.17	-0.23	-0.28	-0.31	-0.33	-0.33	-0.32	-0.31	-0.28	-0.24	-0.20	-0.16	-0.12	-0.07	-0.03	0.00	0.03	0.05	0.07	0.07	0.07	0.06	0.05	0.03	0.00	-0.03	-0.06	-0.09	-0.12	-0.14	-0.17	-0.18	-0.20	-0.20	-0.21	-0.20	-0.19	
Q64433_51-102	1.23	1.21	1.17	1.10	1.02	0.93	0.82	0.70	0.57	0.44	0.32	0.19	0.07	-0.04	-0.14	-0.22	-0.29	-0.34	-0.38	-0.40	-0.41	-0.40	-0.37	-0.34	-0.30	-0.25	-0.20	-0.15	-0.10	-0.05	-0.01	0.03	0.06	0.08	0.09	0.09	0.08	0.07	0.05	0.02	-0.01	-0.04	-0.07	-0.11	-0.14	-0.16	-0.18	-0.20	-0.21	-0.21	-0.20	-0.19	
Q64433_51-102	1.29	1.27	1.24	1.19	1.12	1.05	0.96	0.86	0.76	0.66	0.55	0.44	0.34	0.24	0.15	0.07	0.00	-0.06	-0.10	-0.14	-0.16	-0.17	-0.17	-0.15	-0.13	-0.11	-0.08	-0.04	-0.01	0.03	0.07	0.10	0.13	0.15	0.17	0.18	0.18	0.18	0.18	0.17	0.15	0.13	0.11	0.09	0.06	0.04	0.02	0.00	-0.01	-0.02	-0.03	-0.03	
Q64433_51-102	1.33	1.31	1.27	1.22	1.15	1.06	0.97	0.86	0.75	0.64	0.52	0.40	0.29	0.19	0.09	0.01	-0.06	-0.12	-0.17	-0.20	-0.22	-0.22	-0.22	-0.20	-0.17	-0.13	-0.09	-0.05	-0.00	0.04	0.09	0.13	0.16	0.19	0.22	0.23	0.24	0.24	0.23	0.22	0.20	0.17	0.15	0.12	0.09	0.06	0.03	0.01	-0.01	-0.03	-0.04	-0.05	
Q64433_51-102	1.19	1.17	1.14	1.09	1.02	0.95	0.86	0.77	0.67	0.56	0.45	0.35	0.25	0.15	0.06	-0.01	-0.08	-0.14	-0.18	-0.21	-0.23	-0.24	-0.23	-0.22	-0.19	-0.16	-0.13	-0.09	-0.04	-0.00	0.04	0.08	0.11	0.14	0.16	0.18	0.19	0.19	0.19	0.18	0.16	0.14	0.11	0.09	0.06	0.03	0.00	-0.02	-0.05	-0.07	-0.09	-0.10	
Q64433_51-102	0.83	0.81	0.79	0.75	0.70	0.64	0.57	0.50	0.42	0.34	0.26	0.17	0.10	0.02	-0.05	-0.11	-0.16	-0.20	-0.23	-0.25	-0.26	-0.27	-0.26	-0.24	-0.22	-0.19	-0.15	-0.11	-0.07	-0.03	0.01	0.04	0.08	0.10	0.13	0.15	0.16	0.16	0.16	0.15	0.14	0.12	0.10	0.08	0.05	0.02	-0.01	-0.04	-0.07	-0.09	-0.11	-0.13	
Q64433_51-102	1.23	1.21	1.17	1.11	1.04	0.95	0.85	0.74	0.62	0.50	0.38	0.26	0.15	0.04	-0.05	-0.13	-0.20	-0.26	-0.29	-0.32	-0.33	-0.33	-0.31	-0.29	-0.25	-0.21	-0.17	-0.13	-0.08	-0.04	-0.01	0.03	0.05	0.07	0.07	0.07	0.07	0.05	0.03	0.01	-0.02	-0.05	-0.08	-0.11	-0.13	-0.16	-0.18	-0.19	-0.20	-0.20	-0.19	-0.18	
Q64433_51-102	1.47	1.45	1.41	1.36	1.29	1.20	1.10	0.99	0.87	0.75	0.62	0.50	0.38	0.27	0.17	0.08	-0.00	-0.07	-0.12	-0.16	-0.18	-0.19	-0.19	-0.18	-0.16	-0.13	-0.09	-0.05	-0.01	0.03	0.07	0.10	0.13	0.16	0.18	0.19	0.19	0.19	0.18	0.17	0.15	0.13	0.10	0.07	0.05	0.02	-0.01	-0.03	-0.05	-0.06	-0.07	-0.07	
Q64433_52-103	1.18	1.16	1.12	1.07	1.00	0.91	0.81	0.71	0.60	0.48	0.36	0.25	0.14	0.04	-0.06	-0.14	-0.21	-0.26	-0.31	-0.33	-0.35	-0.35	-0.33	-0.31	-0.28	-0.24	-0.19	-0.15	-0.10	-0.05	-0.00	0.04	0.07	0.10	0.12	0.14	0.14	0.14	0.13	0.11	0.09	0.06	0.03	0.00	-0.03	-0.06	-0.09	-0.12	-0.14	-0.16	-0.18	-0.18	
Q64433_52-103	1.12	1.10	1.07	1.01	0.95	0.87	0.78	0.68	0.57	0.47	0.36	0.25	0.14	0.05	-0.04	-0.12	-0.18	-0.23	-0.27	-0.30	-0.31	-0.31	-0.30	-0.28	-0.25	-0.22	-0.18	-0.14	-0.09	-0.05	-0.01	0.03	0.06	0.08	0.10	0.11	0.12	0.11	0.10	0.09	0.07	0.04	0.01	-0.02	-0.05	-0.07	-0.10	-0.12	-0.14	-0.16	-0.17	-0.18	
Q64433_52-103	1.06	1.04	1.01	0.96	0.89	0.82	0.73	0.64	0.54	0.44	0.33	0.23	0.13	0.04	-0.04	-0.12	-0.18	-0.23	-0.27	-0.30	-0.31	-0.31	-0.30	-0.28	-0.26	-0.23	-0.19	-0.15	-0.11	-0.08	-0.04	-0.01	0.02	0.04	0.05	0.06	0.06	0.06	0.04	0.03	0.01	-0.02	-0.04	-0.07	-0.10	-0.12	-0.14	-0.16	-0.18	-0.19	-0.19	-0.19	
Q64433_52-103	1.19	1.17	1.13	1.08	1.00	0.92	0.82	0.71	0.60	0.48	0.36	0.24	0.13	0.02	-0.07	-0.16	-0.23	-0.29	-0.33	-0.36	-0.38	-0.38	-0.37	-0.35	-0.32	-0.28	-0.24	-0.19	-0.14	-0.10	-0.06	-0.02	0.02	0.04	0.06	0.07	0.08	0.07	0.06	0.05	0.02	-0.00	-0.03	-0.06	-0.09	-0.11	-0.14	-0.16	-0.17	-0.18	-0.19	-0.19	
Q64433_52-103	1.30	1.28	1.24	1.19	1.12	1.04	0.95	0.85	0.74	0.63	0.52	0.41	0.30	0.20	0.11	0.03	-0.04	-0.09	-0.13	-0.16	-0.18	-0.18	-0.18	-0.16	-0.13	-0.10	-0.07	-0.03	0.01	0.05	0.08	0.11	0.14	0.16	0.17	0.18	0.18	0.17	0.16	0.14	0.12	0.10	0.07	0.05	0.02	0.00	-0.02	-0.03	-0.04	-0.05	-0.05	-0.04	
Q64433_52-103	1.35	1.33	1.29	1.23	1.15	1.06	0.95	0.84	0.71	0.59	0.46	0.34	0.22	0.11	0.01	-0.07	-0.14	-0.20	-0.23	-0.26	-0.27	-0.26	-0.24	-0.21	-0.18	-0.13	-0.08	-0.03	0.02	0.07	0.11	0.15	0.18	0.20	0.22	0.22	0.22	0.21	0.19	0.17	0.14	0.11	0.08	0.05	0.02	-0.01	-0.03	-0.05	-0.07	-0.07	-0.08	-0.07	
Q64433_52-103	1.25	1.23	1.19	1.13	1.06	0.97	0.88	0.77	0.65	0.54	0.42	0.30	0.20	0.10	0.00	-0.07	-0.14	-0.19	-0.23	-0.25	-0.25	-0.25	-0.23	-0.20	-0.17	-0.13	-0.08	-0.03	0.02	0.06	0.10	0.14	0.17	0.19	0.20	0.21	0.20	0.19	0.18	0.16	0.13	0.10	0.07	0.04	0.01	-0.02	-0.04	-0.06	-0.08	-0.09	-0.09	-0.09	
Q64433_52-103	0.92	0.90	0.87	0.83	0.77	0.70	0.62	0.53	0.44	0.34	0.25	0.15	0.07	-0.01	-0.08	-0.14	-0.19	-0.23	-0.25	-0.27	-0.27	-0.26	-0.24	-0.21	-0.17	-0.13	-0.08	-0.04	0.01	0.05	0.09	0.12	0.15	0.17	0.19	0.19	0.19	0.19	0.17	0.16	0.13	0.11	0.08	0.05	0.02	-0.00	-0.03	-0.05	-0.07	-0.08	-0.09	-0.10	
Q64433_52-103	1.19	1.17	1.13	1.08	1.01	0.93	0.84	0.74	0.63	0.52	0.40	0.29	0.18	0.08	-0.01	-0.09	-0.16	-0.22	-0.26	-0.29	-0.31	-0.32	-0.31	-0.30	-0.27	-0.24	-0.20	-0.17	-0.13	-0.09	-0.05	-0.02	0.01	0.03	0.05	0.06	0.06	0.06	0.04	0.03	0.01	-0.02	-0.04	-0.07	-0.10	-0.12	-0.15	-0.17	-0.18	-0.19	-0.19	-0.19	
Q64433_52-103	1.50	1.48	1.43	1.37	1.29	1.20	1.09	0.97	0.84	0.71	0.58	0.46	0.33	0.22	0.11	0.02	-0.06	-0.12	-0.16	-0.20	-0.21	-0.21	-0.20	-0.18	-0.15	-0.11	-0.07	-0.02	0.02	0.06	0.10	0.14	0.17	0.19	0.20	0.20	0.20	0.19	0.17	0.15	0.12	0.09	0.06	0.03	-0.00	-0.03	-0.05	-0.07	-0.08	-0.09	-0.09	-0.08	
