Q80XU3_1-52	1.26	1.24	1.21	1.15	1.08	1.00	0.90	0.80	0.68	0.57	0.45	0.34	0.23	0.12	0.03	-0.06	-0.13	-0.18	-0.23	-0.26	-0.27	-0.27	-0.26	-0.24	-0.22	-0.18	-0.14	-0.09	-0.05	-0.00	0.04	0.07	0.10	0.13	0.14	0.15	0.15	0.14	0.12	0.09	0.06	0.03	-0.01	-0.05	-0.09	-0.13	-0.16	-0.19	-0.22	-0.24	-0.25	-0.25	
Q80XU3_1-52	1.09	1.08	1.05	1.00	0.94	0.87	0.79	0.70	0.61	0.51	0.41	0.31	0.21	0.12	0.04	-0.03	-0.10	-0.15	-0.19	-0.22	-0.24	-0.25	-0.24	-0.23	-0.21	-0.18	-0.15	-0.12	-0.08	-0.05	-0.02	0.01	0.04	0.06	0.07	0.08	0.08	0.08	0.06	0.05	0.02	-0.00	-0.03	-0.06	-0.09	-0.12	-0.15	-0.17	-0.19	-0.21	-0.22	-0.22	
Q80XU3_1-52	0.80	0.79	0.77	0.74	0.70	0.65	0.60	0.54	0.48	0.41	0.35	0.28	0.22	0.17	0.11	0.07	0.03	-0.00	-0.03	-0.04	-0.05	-0.06	-0.05	-0.04	-0.03	-0.01	0.01	0.03	0.05	0.07	0.09	0.11	0.12	0.13	0.13	0.13	0.13	0.12	0.11	0.09	0.07	0.05	0.03	0.00	-0.02	-0.04	-0.06	-0.08	-0.10	-0.11	-0.12	-0.13	
Q80XU3_1-52	0.94	0.93	0.90	0.87	0.82	0.76	0.70	0.63	0.55	0.48	0.40	0.32	0.25	0.18	0.12	0.06	0.02	-0.02	-0.05	-0.07	-0.08	-0.08	-0.08	-0.07	-0.05	-0.03	-0.01	0.02	0.05	0.07	0.09	0.11	0.13	0.14	0.15	0.15	0.14	0.13	0.12	0.10	0.08	0.05	0.03	0.00	-0.03	-0.05	-0.07	-0.09	-0.11	-0.13	-0.14	-0.15	
Q80XU3_1-52	1.40	1.38	1.33	1.26	1.17	1.06	0.94	0.81	0.67	0.52	0.38	0.24	0.10	-0.02	-0.13	-0.23	-0.31	-0.37	-0.42	-0.44	-0.45	-0.44	-0.42	-0.38	-0.34	-0.28	-0.22	-0.16	-0.10	-0.05	0.01	0.05	0.09	0.12	0.14	0.15	0.15	0.14	0.12	0.10	0.07	0.04	0.01	-0.02	-0.05	-0.08	-0.10	-0.12	-0.13	-0.13	-0.12	-0.11	
Q80XU3_1-52	1.55	1.52	1.47	1.40	1.30	1.19	1.06	0.92	0.77	0.61	0.46	0.31	0.16	0.02	-0.10	-0.21	-0.30	-0.37	-0.42	-0.45	-0.47	-0.47	-0.45	-0.42	-0.38	-0.33	-0.28	-0.22	-0.16	-0.10	-0.05	-0.00	0.04	0.07	0.09	0.10	0.11	0.10	0.09	0.07	0.05	0.03	0.00	-0.02	-0.05	-0.07	-0.09	-0.10	-0.10	-0.10	-0.09	-0.08	
Q80XU3_1-52	1.52	1.50	1.45	1.38	1.29	1.18	1.06	0.92	0.78	0.63	0.48	0.33	0.19	0.06	-0.06	-0.16	-0.25	-0.32	-0.38	-0.41	-0.43	-0.43	-0.42	-0.39	-0.35	-0.31	-0.26	-0.20	-0.15	-0.09	-0.04	-0.00	0.04	0.06	0.08	0.09	0.09	0.08	0.06	0.04	0.01	-0.03	-0.06	-0.09	-0.13	-0.16	-0.18	-0.20	-0.21	-0.22	-0.21	-0.20	
Q80XU3_1-52	1.10	1.08	1.05	1.00	0.93	0.85	0.76	0.67	0.56	0.46	0.35	0.24	0.14	0.05	-0.04	-0.12	-0.18	-0.23	-0.27	-0.30	-0.31	-0.31	-0.30	-0.28	-0.25	-0.22	-0.18	-0.13	-0.09	-0.05	-0.01	0.03	0.06	0.08	0.09	0.10	0.10	0.10	0.09	0.07	0.05	0.02	-0.01	-0.04	-0.06	-0.09	-0.11	-0.13	-0.15	-0.15	-0.15	-0.15	
Q80XU3_1-52	0.79	0.78	0.76	0.73	0.69	0.64	0.58	0.51	0.45	0.38	0.31	0.24	0.17	0.11	0.05	0.00	-0.04	-0.08	-0.11	-0.13	-0.14	-0.14	-0.14	-0.13	-0.11	-0.09	-0.07	-0.05	-0.02	0.00	0.02	0.04	0.06	0.08	0.09	0.10	0.10	0.10	0.09	0.09	0.07	0.06	0.05	0.03	0.01	-0.00	-0.02	-0.03	-0.04	-0.06	-0.06	-0.07	
Q80XU3_1-52	1.91	1.88	1.82	1.73	1.61	1.47	1.31	1.14	0.95	0.76	0.57	0.39	0.21	0.04	-0.10	-0.23	-0.34	-0.42	-0.48	-0.52	-0.53	-0.52	-0.49	-0.45	-0.39	-0.33	-0.25	-0.17	-0.10	-0.02	0.04	0.10	0.15	0.18	0.21	0.22	0.21	0.20	0.17	0.13	0.09	0.04	-0.00	-0.05	-0.10	-0.14	-0.18	-0.21	-0.23	-0.24	-0.23	-0.22	
Q80XU3_9-60	1.32	1.30	1.26	1.20	1.12	1.02	0.91	0.79	0.67	0.54	0.41	0.29	0.17	0.06	-0.04	-0.13	-0.20	-0.25	-0.29	-0.31	-0.31	-0.30	-0.28	-0.25	-0.20	-0.15	-0.10	-0.04	0.01	0.06	0.11	0.15	0.18	0.21	0.22	0.23	0.22	0.21	0.19	0.17	0.13	0.10	0.06	0.02	-0.02	-0.05	-0.08	-0.11	-0.13	-0.15	-0.16	-0.16	
Q80XU3_9-60	1.18	1.16	1.12	1.07	1.00	0.91	0.82	0.72	0.61	0.50	0.38	0.28	0.17	0.08	-0.01	-0.08	-0.14	-0.18	-0.21	-0.23	-0.23	-0.22	-0.20	-0.18	-0.14	-0.10	-0.05	-0.01	0.04	0.08	0.11	0.14	0.17	0.18	0.19	0.19	0.18	0.16	0.14	0.12	0.09	0.05	0.02	-0.01	-0.05	-0.07	-0.10	-0.12	-0.13	-0.14	-0.15	-0.15	
Q80XU3_9-60	0.73	0.72	0.70	0.67	0.64	0.59	0.54	0.49	0.43	0.37	0.31	0.25	0.19	0.13	0.08	0.04	0.00	-0.03	-0.05	-0.07	-0.08	-0.08	-0.08	-0.07	-0.05	-0.03	-0.01	0.01	0.04	0.06	0.08	0.11	0.12	0.14	0.15	0.16	0.17	0.17	0.16	0.16	0.15	0.14	0.12	0.11	0.09	0.08	0.07	0.05	0.04	0.03	0.03	0.02	
Q80XU3_9-60	0.85	0.84	0.82	0.79	0.74	0.69	0.64	0.57	0.51	0.44	0.37	0.30	0.23	0.17	0.11	0.05	0.01	-0.03	-0.06	-0.09	-0.10	-0.11	-0.10	-0.10	-0.08	-0.06	-0.04	-0.01	0.01	0.04	0.07	0.10	0.12	0.14	0.16	0.17	0.18	0.19	0.19	0.18	0.17	0.16	0.15	0.13	0.11	0.10	0.08	0.06	0.05	0.03	0.02	0.01	
Q80XU3_9-60	1.45	1.42	1.38	1.31	1.22	1.11	0.99	0.85	0.71	0.56	0.42	0.27	0.14	0.01	-0.11	-0.21	-0.29	-0.36	-0.41	-0.44	-0.45	-0.45	-0.43	-0.40	-0.35	-0.30	-0.25	-0.19	-0.13	-0.07	-0.02	0.03	0.07	0.10	0.12	0.13	0.12	0.11	0.09	0.07	0.04	-0.00	-0.04	-0.08	-0.12	-0.16	-0.19	-0.22	-0.24	-0.25	-0.25	-0.25	
Q80XU3_9-60	1.56	1.53	1.48	1.41	1.32	1.21	1.09	0.95	0.81	0.65	0.50	0.35	0.21	0.08	-0.05	-0.15	-0.25	-0.32	-0.38	-0.42	-0.44	-0.44	-0.43	-0.40	-0.37	-0.32	-0.27	-0.22	-0.16	-0.11	-0.06	-0.01	0.02	0.05	0.07	0.08	0.08	0.07	0.05	0.02	-0.01	-0.05	-0.09	-0.13	-0.17	-0.21	-0.24	-0.26	-0.28	-0.30	-0.30	-0.30	
Q80XU3_9-60	1.63	1.60	1.55	1.47	1.37	1.25	1.11	0.96	0.80	0.64	0.48	0.32	0.17	0.03	-0.10	-0.20	-0.29	-0.36	-0.41	-0.43	-0.44	-0.43	-0.40	-0.36	-0.31	-0.25	-0.18	-0.11	-0.05	0.01	0.07	0.12	0.15	0.18	0.19	0.19	0.18	0.16	0.13	0.08	0.04	-0.01	-0.07	-0.12	-0.17	-0.22	-0.26	-0.30	-0.32	-0.34	-0.35	-0.35	
Q80XU3_9-60	1.17	1.15	1.11	1.05	0.97	0.89	0.79	0.68	0.56	0.44	0.32	0.20	0.09	-0.01	-0.10	-0.18	-0.24	-0.29	-0.33	-0.35	-0.36	-0.35	-0.33	-0.30	-0.26	-0.21	-0.17	-0.12	-0.07	-0.02	0.02	0.06	0.09	0.11	0.12	0.13	0.12	0.11	0.09	0.06	0.03	-0.00	-0.04	-0.07	-0.11	-0.14	-0.17	-0.20	-0.22	-0.23	-0.24	-0.25	
Q80XU3_9-60	0.73	0.72	0.70	0.67	0.64	0.60	0.55	0.50	0.45	0.39	0.33	0.27	0.21	0.16	0.11	0.06	0.02	-0.01	-0.04	-0.06	-0.08	-0.09	-0.09	-0.09	-0.09	-0.08	-0.07	-0.05	-0.04	-0.02	-0.00	0.01	0.03	0.04	0.05	0.06	0.07	0.07	0.07	0.07	0.07	0.07	0.06	0.06	0.05	0.05	0.04	0.04	0.04	0.04	0.04	0.04	
Q80XU3_9-60	1.96	1.93	1.87	1.77	1.65	1.51	1.34	1.16	0.97	0.77	0.57	0.38	0.19	0.02	-0.13	-0.27	-0.38	-0.47	-0.53	-0.57	-0.58	-0.57	-0.54	-0.50	-0.43	-0.36	-0.28	-0.20	-0.11	-0.03	0.04	0.11	0.16	0.20	0.22	0.24	0.23	0.22	0.19	0.15	0.10	0.05	-0.01	-0.07	-0.13	-0.18	-0.23	-0.27	-0.31	-0.33	-0.34	-0.35	
Q80XU3_26-77	1.33	1.31	1.27	1.20	1.12	1.02	0.90	0.78	0.64	0.51	0.37	0.23	0.11	-0.01	-0.12	-0.22	-0.29	-0.36	-0.40	-0.43	-0.44	-0.44	-0.42	-0.39	-0.35	-0.30	-0.25	-0.20	-0.14	-0.09	-0.03	0.01	0.05	0.08	0.10	0.11	0.11	0.10	0.09	0.07	0.04	0.01	-0.02	-0.06	-0.09	-0.12	-0.15	-0.17	-0.19	-0.21	-0.21	-0.21	
Q80XU3_26-77	1.19	1.17	1.13	1.07	0.99	0.90	0.79	0.67	0.55	0.42	0.29	0.16	0.05	-0.06	-0.16	-0.25	-0.32	-0.38	-0.41	-0.44	-0.44	-0.43	-0.41	-0.38	-0.33	-0.28	-0.23	-0.17	-0.11	-0.06	-0.00	0.04	0.08	0.11	0.14	0.15	0.15	0.15	0.13	0.11	0.09	0.06	0.02	-0.02	-0.05	-0.09	-0.12	-0.15	-0.17	-0.19	-0.20	-0.21	
Q80XU3_26-77	0.68	0.67	0.65	0.62	0.58	0.53	0.48	0.42	0.35	0.29	0.22	0.16	0.10	0.04	-0.01	-0.06	-0.09	-0.12	-0.14	-0.16	-0.16	-0.16	-0.15	-0.14	-0.12	-0.10	-0.07	-0.04	-0.02	0.01	0.03	0.05	0.07	0.08	0.09	0.09	0.09	0.08	0.07	0.06	0.04	0.02	-0.00	-0.02	-0.04	-0.06	-0.08	-0.09	-0.11	-0.11	-0.12	-0.12	
Q80XU3_26-77	0.77	0.76	0.74	0.71	0.66	0.61	0.55	0.49	0.42	0.35	0.28	0.21	0.15	0.09	0.03	-0.02	-0.06	-0.09	-0.11	-0.13	-0.13	-0.13	-0.13	-0.11	-0.10	-0.07	-0.05	-0.03	-0.00	0.02	0.04	0.06	0.07	0.08	0.08	0.08	0.08	0.07	0.05	0.03	0.01	-0.01	-0.03	-0.05	-0.07	-0.09	-0.10	-0.11	-0.12	-0.13	-0.12	-0.12	
Q80XU3_26-77	1.50	1.47	1.43	1.37	1.28	1.18	1.07	0.95	0.81	0.68	0.54	0.40	0.27	0.15	0.03	-0.07	-0.16	-0.23	-0.28	-0.32	-0.35	-0.35	-0.35	-0.33	-0.30	-0.26	-0.22	-0.17	-0.12	-0.07	-0.02	0.03	0.07	0.10	0.12	0.14	0.15	0.15	0.14	0.13	0.11	0.09	0.07	0.04	0.01	-0.01	-0.04	-0.06	-0.07	-0.08	-0.09	-0.09	
Q80XU3_26-77	1.57	1.55	1.50	1.44	1.35	1.25	1.13	1.00	0.87	0.73	0.58	0.44	0.31	0.18	0.06	-0.04	-0.13	-0.20	-0.26	-0.30	-0.32	-0.33	-0.32	-0.30	-0.27	-0.23	-0.18	-0.13	-0.08	-0.03	0.02	0.07	0.10	0.14	0.16	0.18	0.18	0.18	0.17	0.16	0.14	0.12	0.09	0.06	0.03	0.01	-0.02	-0.04	-0.05	-0.06	-0.07	-0.06	
Q80XU3_26-77	1.69	1.66	1.61	1.53	1.43	1.30	1.16	1.01	0.84	0.67	0.50	0.33	0.17	0.02	-0.12	-0.25	-0.35	-0.43	-0.50	-0.54	-0.56	-0.56	-0.55	-0.51	-0.47	-0.41	-0.34	-0.27	-0.20	-0.12	-0.05	0.01	0.07	0.12	0.16	0.19	0.20	0.21	0.20	0.19	0.17	0.14	0.10	0.06	0.02	-0.02	-0.05	-0.09	-0.11	-0.14	-0.15	-0.16	
Q80XU3_26-77	1.29	1.27	1.22	1.16	1.08	0.98	0.87	0.75	0.62	0.48	0.34	0.21	0.08	-0.04	-0.15	-0.25	-0.33	-0.40	-0.45	-0.48	-0.50	-0.50	-0.48	-0.45	-0.41	-0.36	-0.30	-0.24	-0.17	-0.10	-0.04	0.02	0.07	0.11	0.15	0.18	0.19	0.20	0.19	0.18	0.15	0.12	0.09	0.05	0.00	-0.04	-0.08	-0.12	-0.16	-0.19	-0.21	-0.23	
Q80XU3_26-77	0.68	0.67	0.65	0.62	0.58	0.53	0.48	0.42	0.36	0.29	0.23	0.17	0.11	0.06	0.02	-0.02	-0.05	-0.08	-0.09	-0.09	-0.09	-0.08	-0.07	-0.05	-0.03	-0.00	0.02	0.05	0.07	0.09	0.11	0.12	0.13	0.13	0.13	0.12	0.11	0.09	0.07	0.05	0.03	0.00	-0.02	-0.05	-0.07	-0.09	-0.10	-0.11	-0.12	-0.12	-0.12	-0.12	
Q80XU3_26-77	2.04	2.01	1.95	1.85	1.73	1.59	1.42	1.24	1.05	0.85	0.65	0.46	0.27	0.10	-0.06	-0.20	-0.32	-0.42	-0.49	-0.54	-0.56	-0.56	-0.55	-0.51	-0.46	-0.40	-0.33	-0.25	-0.18	-0.10	-0.03	0.03	0.08	0.12	0.15	0.17	0.18	0.17	0.16	0.13	0.10	0.06	0.02	-0.02	-0.06	-0.10	-0.13	-0.16	-0.18	-0.19	-0.19	-0.19	
Q80XU3_34-85	1.46	1.44	1.39	1.33	1.24	1.14	1.02	0.90	0.76	0.62	0.48	0.34	0.21	0.09	-0.02	-0.12	-0.20	-0.26	-0.31	-0.34	-0.35	-0.35	-0.33	-0.30	-0.26	-0.22	-0.16	-0.11	-0.05	0.00	0.05	0.10	0.13	0.16	0.18	0.19	0.19	0.18	0.17	0.14	0.11	0.08	0.05	0.01	-0.02	-0.05	-0.08	-0.10	-0.12	-0.13	-0.13	-0.13	
Q80XU3_34-85	1.35	1.33	1.29	1.22	1.14	1.04	0.92	0.80	0.67	0.53	0.39	0.26	0.13	0.02	-0.09	-0.18	-0.26	-0.31	-0.36	-0.38	-0.39	-0.38	-0.36	-0.33	-0.28	-0.23	-0.18	-0.12	-0.06	-0.00	0.05	0.10	0.14	0.17	0.19	0.20	0.20	0.20	0.18	0.16	0.14	0.11	0.07	0.04	0.01	-0.02	-0.05	-0.07	-0.08	-0.09	-0.09	-0.09	
Q80XU3_34-85	0.65	0.64	0.63	0.60	0.57	0.52	0.48	0.43	0.37	0.31	0.26	0.20	0.14	0.09	0.04	-0.00	-0.04	-0.08	-0.10	-0.12	-0.13	-0.14	-0.14	-0.13	-0.12	-0.11	-0.09	-0.07	-0.05	-0.02	0.00	0.02	0.04	0.06	0.07	0.09	0.09	0.10	0.10	0.10	0.09	0.09	0.08	0.06	0.05	0.04	0.02	0.01	-0.00	-0.01	-0.02	-0.03	
Q80XU3_34-85	0.69	0.68	0.66	0.64	0.60	0.56	0.52	0.47	0.41	0.36	0.30	0.24	0.19	0.13	0.08	0.04	-0.00	-0.03	-0.06	-0.08	-0.10	-0.11	-0.11	-0.11	-0.10	-0.09	-0.07	-0.06	-0.04	-0.02	0.00	0.02	0.04	0.06	0.07	0.08	0.09	0.09	0.09	0.09	0.08	0.07	0.06	0.05	0.04	0.02	0.01	-0.01	-0.02	-0.04	-0.05	-0.06	
Q80XU3_34-85	1.48	1.46	1.41	1.35	1.26	1.16	1.04	0.91	0.78	0.64	0.50	0.36	0.23	0.10	-0.01	-0.11	-0.19	-0.26	-0.31	-0.35	-0.36	-0.37	-0.36	-0.33	-0.30	-0.26	-0.21	-0.16	-0.11	-0.06	-0.02	0.02	0.05	0.08	0.09	0.10	0.10	0.09	0.07	0.05	0.02	-0.01	-0.05	-0.08	-0.12	-0.15	-0.17	-0.19	-0.21	-0.22	-0.22	-0.21	
Q80XU3_34-85	1.53	1.50	1.46	1.39	1.29	1.19	1.06	0.93	0.78	0.64	0.49	0.34	0.20	0.07	-0.04	-0.15	-0.23	-0.30	-0.35	-0.39	-0.40	-0.40	-0.38	-0.36	-0.32	-0.27	-0.22	-0.16	-0.11	-0.06	-0.01	0.03	0.07	0.09	0.11	0.11	0.11	0.09	0.07	0.04	0.01	-0.03	-0.07	-0.11	-0.14	-0.18	-0.21	-0.23	-0.25	-0.25	-0.26	-0.25	
Q80XU3_34-85	1.86	1.83	1.77	1.68	1.56	1.42	1.27	1.09	0.91	0.72	0.53	0.35	0.18	0.01	-0.13	-0.26	-0.37	-0.45	-0.51	-0.54	-0.56	-0.55	-0.52	-0.48	-0.42	-0.36	-0.28	-0.21	-0.13	-0.06	0.00	0.06	0.11	0.14	0.16	0.17	0.17	0.16	0.13	0.10	0.06	0.02	-0.03	-0.07	-0.12	-0.15	-0.19	-0.21	-0.23	-0.24	-0.23	-0.22	
Q80XU3_34-85	1.56	1.53	1.48	1.40	1.29	1.17	1.03	0.88	0.72	0.56	0.40	0.24	0.09	-0.05	-0.17	-0.28	-0.36	-0.43	-0.47	-0.50	-0.50	-0.48	-0.45	-0.40	-0.34	-0.28	-0.21	-0.13	-0.06	0.01	0.07	0.13	0.17	0.20	0.22	0.23	0.23	0.22	0.19	0.16	0.13	0.09	0.05	0.01	-0.03	-0.07	-0.10	-0.12	-0.14	-0.15	-0.15	-0.14	
Q80XU3_34-85	0.59	0.58	0.56	0.54	0.51	0.47	0.43	0.38	0.33	0.28	0.22	0.17	0.12	0.07	0.03	-0.01	-0.04	-0.07	-0.09	-0.11	-0.11	-0.12	-0.11	-0.10	-0.09	-0.07	-0.05	-0.03	-0.01	0.02	0.04	0.06	0.08	0.09	0.11	0.12	0.12	0.12	0.12	0.12	0.11	0.10	0.09	0.07	0.06	0.04	0.03	0.01	-0.00	-0.01	-0.02	-0.03	
Q80XU3_34-85	2.10	2.06	2.00	1.90	1.78	1.64	1.47	1.29	1.09	0.89	0.69	0.50	0.31	0.13	-0.03	-0.17	-0.29	-0.38	-0.45	-0.50	-0.52	-0.52	-0.50	-0.47	-0.42	-0.35	-0.28	-0.21	-0.13	-0.06	0.01	0.06	0.11	0.15	0.17	0.19	0.18	0.17	0.14	0.11	0.07	0.02	-0.03	-0.08	-0.13	-0.18	-0.22	-0.25	-0.28	-0.29	-0.30	-0.30	
Q80XU3_51-102	1.51	1.48	1.44	1.36	1.27	1.16	1.04	0.90	0.76	0.61	0.46	0.31	0.17	0.04	-0.08	-0.18	-0.27	-0.34	-0.38	-0.41	-0.43	-0.42	-0.40	-0.36	-0.32	-0.26	-0.20	-0.14	-0.08	-0.01	0.04	0.09	0.13	0.17	0.19	0.20	0.20	0.18	0.16	0.14	0.10	0.06	0.02	-0.03	-0.07	-0.12	-0.15	-0.19	-0.21	-0.23	-0.24	-0.24	
Q80XU3_51-102	1.41	1.39	1.34	1.28	1.20	1.10	0.98	0.86	0.73	0.59	0.46	0.32	0.19	0.07	-0.04	-0.13	-0.21	-0.28	-0.33	-0.36	-0.38	-0.38	-0.36	-0.34	-0.30	-0.26	-0.21	-0.16	-0.10	-0.05	-0.00	0.04	0.07	0.10	0.12	0.13	0.13	0.12	0.11	0.09	0.06	0.03	-0.01	-0.04	-0.08	-0.11	-0.14	-0.17	-0.18	-0.20	-0.20	-0.20	
Q80XU3_51-102	0.68	0.67	0.64	0.61	0.57	0.52	0.46	0.40	0.34	0.27	0.20	0.13	0.07	0.01	-0.04	-0.08	-0.12	-0.15	-0.17	-0.18	-0.19	-0.18	-0.17	-0.15	-0.13	-0.11	-0.08	-0.05	-0.02	0.01	0.03	0.05	0.07	0.08	0.09	0.09	0.09	0.08	0.06	0.05	0.03	0.01	-0.02	-0.04	-0.07	-0.09	-0.11	-0.12	-0.14	-0.15	-0.15	-0.16	
Q80XU3_51-102	0.75	0.74	0.71	0.67	0.62	0.56	0.50	0.42	0.34	0.26	0.18	0.11	0.03	-0.04	-0.10	-0.15	-0.19	-0.22	-0.24	-0.24	-0.24	-0.23	-0.21	-0.18	-0.15	-0.11	-0.07	-0.03	0.01	0.05	0.09	0.12	0.14	0.16	0.17	0.17	0.17	0.15	0.14	0.11	0.08	0.05	0.02	-0.02	-0.05	-0.09	-0.12	-0.15	-0.17	-0.19	-0.20	-0.20	
Q80XU3_51-102	1.42	1.40	1.36	1.30	1.23	1.14	1.03	0.92	0.79	0.67	0.54	0.42	0.29	0.18	0.08	-0.01	-0.09	-0.16	-0.21	-0.24	-0.27	-0.27	-0.27	-0.25	-0.22	-0.19	-0.15	-0.11	-0.06	-0.02	0.02	0.06	0.09	0.11	0.13	0.14	0.15	0.15	0.14	0.13	0.11	0.09	0.06	0.04	0.01	-0.01	-0.03	-0.05	-0.06	-0.07	-0.07	-0.07	
Q80XU3_51-102	1.47	1.45	1.41	1.35	1.27	1.18	1.07	0.95	0.83	0.70	0.57	0.44	0.31	0.20	0.09	-0.01	-0.09	-0.16	-0.21	-0.25	-0.28	-0.29	-0.28	-0.27	-0.24	-0.21	-0.17	-0.13	-0.09	-0.05	-0.01	0.03	0.06	0.09	0.11	0.13	0.14	0.14	0.13	0.12	0.11	0.09	0.07	0.05	0.03	0.02	-0.00	-0.01	-0.02	-0.03	-0.03	-0.03	
Q80XU3_51-102	1.84	1.81	1.76	1.69	1.59	1.47	1.34	1.19	1.04	0.87	0.71	0.55	0.39	0.24	0.10	-0.03	-0.14	-0.23	-0.31	-0.36	-0.40	-0.42	-0.42	-0.41	-0.38	-0.34	-0.30	-0.25	-0.19	-0.13	-0.08	-0.02	0.03	0.07	0.11	0.13	0.15	0.16	0.16	0.16	0.14	0.12	0.10	0.07	0.04	0.02	-0.01	-0.04	-0.06	-0.08	-0.10	-0.11	
Q80XU3_51-102	1.40	1.38	1.35	1.30	1.23	1.15	1.06	0.96	0.86	0.74	0.62	0.50	0.39	0.27	0.16	0.05	-0.04	-0.13	-0.21	-0.27	-0.33	-0.37	-0.40	-0.41	-0.42	-0.42	-0.40	-0.38	-0.35	-0.32	-0.28	-0.24	-0.20	-0.15	-0.11	-0.07	-0.04	-0.01	0.02	0.04	0.06	0.07	0.07	0.07	0.07	0.06	0.05	0.03	0.01	-0.01	-0.03	-0.05	
Q80XU3_51-102	0.65	0.64	0.61	0.58	0.53	0.48	0.42	0.36	0.29	0.22	0.15	0.08	0.02	-0.03	-0.08	-0.12	-0.15	-0.17	-0.19	-0.19	-0.18	-0.17	-0.15	-0.12	-0.09	-0.06	-0.03	0.01	0.03	0.06	0.08	0.10	0.10	0.11	0.10	0.09	0.08	0.06	0.03	0.01	-0.02	-0.05	-0.08	-0.10	-0.12	-0.14	-0.15	-0.16	-0.16	-0.16	-0.15	-0.13	
Q80XU3_51-102	2.14	2.11	2.04	1.95	1.82	1.67	1.50	1.32	1.12	0.91	0.71	0.51	0.31	0.13	-0.03	-0.17	-0.29	-0.39	-0.46	-0.50	-0.52	-0.52	-0.50	-0.46	-0.40	-0.33	-0.25	-0.17	-0.09	-0.01	0.07	0.14	0.19	0.24	0.27	0.28	0.29	0.28	0.26	0.22	0.18	0.14	0.08	0.03	-0.02	-0.07	-0.12	-0.15	-0.18	-0.21	-0.22	-0.22	
Q80XU3_59-110	1.66	1.63	1.58	1.49	1.39	1.26	1.12	0.96	0.79	0.62	0.45	0.29	0.13	-0.01	-0.14	-0.25	-0.34	-0.41	-0.45	-0.47	-0.48	-0.46	-0.42	-0.37	-0.31	-0.24	-0.16	-0.09	-0.01	0.06	0.13	0.18	0.23	0.26	0.28	0.29	0.28	0.26	0.23	0.20	0.15	0.10	0.05	-0.00	-0.05	-0.10	-0.14	-0.17	-0.19	-0.21	-0.21	-0.21	
Q80XU3_59-110	1.56	1.53	1.48	1.40	1.30	1.19	1.06	0.91	0.76	0.61	0.45	0.30	0.16	0.03	-0.09	-0.19	-0.27	-0.33	-0.37	-0.39	-0.40	-0.38	-0.35	-0.30	-0.25	-0.19	-0.12	-0.05	0.02	0.08	0.13	0.18	0.21	0.24	0.25	0.25	0.24	0.22	0.18	0.15	0.10	0.05	0.00	-0.04	-0.09	-0.13	-0.16	-0.19	-0.21	-0.22	-0.21	-0.21	
Q80XU3_59-110	0.71	0.70	0.68	0.65	0.60	0.55	0.49	0.42	0.35	0.28	0.21	0.14	0.08	0.02	-0.04	-0.09	-0.13	-0.16	-0.18	-0.19	-0.19	-0.19	-0.18	-0.16	-0.13	-0.11	-0.07	-0.04	-0.01	0.02	0.05	0.07	0.10	0.11	0.12	0.13	0.13	0.12	0.12	0.10	0.09	0.07	0.05	0.03	0.01	-0.01	-0.03	-0.05	-0.06	-0.07	-0.08	-0.08	
Q80XU3_59-110	0.80	0.78	0.76	0.72	0.66	0.60	0.53	0.45	0.37	0.29	0.20	0.12	0.04	-0.03	-0.10	-0.16	-0.21	-0.24	-0.27	-0.29	-0.29	-0.28	-0.27	-0.25	-0.21	-0.18	-0.14	-0.10	-0.05	-0.01	0.03	0.07	0.10	0.13	0.15	0.17	0.18	0.18	0.18	0.17	0.15	0.13	0.11	0.09	0.06	0.04	0.01	-0.01	-0.03	-0.05	-0.07	-0.08	
Q80XU3_59-110	1.33	1.31	1.27	1.22	1.15	1.06	0.96	0.86	0.74	0.63	0.51	0.39	0.28	0.17	0.07	-0.01	-0.09	-0.15	-0.20	-0.24	-0.26	-0.27	-0.27	-0.26	-0.24	-0.21	-0.18	-0.14	-0.10	-0.06	-0.03	0.01	0.03	0.06	0.07	0.08	0.09	0.08	0.07	0.06	0.04	0.02	-0.00	-0.03	-0.05	-0.07	-0.09	-0.11	-0.12	-0.13	-0.13	-0.13	
Q80XU3_59-110	1.28	1.27	1.23	1.19	1.13	1.05	0.97	0.87	0.77	0.67	0.56	0.46	0.35	0.25	0.15	0.07	-0.01	-0.08	-0.14	-0.19	-0.22	-0.24	-0.26	-0.26	-0.26	-0.25	-0.23	-0.21	-0.18	-0.15	-0.12	-0.09	-0.07	-0.04	-0.02	-0.01	0.00	0.01	0.01	0.01	0.00	-0.00	-0.02	-0.03	-0.04	-0.06	-0.07	-0.09	-0.10	-0.11	-0.11	-0.11	
Q80XU3_59-110	1.76	1.74	1.69	1.62	1.53	1.42	1.30	1.16	1.02	0.87	0.71	0.56	0.41	0.28	0.15	0.03	-0.07	-0.16	-0.23	-0.28	-0.32	-0.34	-0.34	-0.33	-0.31	-0.29	-0.25	-0.21	-0.17	-0.12	-0.08	-0.04	-0.01	0.02	0.04	0.06	0.06	0.07	0.06	0.05	0.03	0.01	-0.01	-0.03	-0.05	-0.07	-0.09	-0.10	-0.11	-0.11	-0.11	-0.11	
Q80XU3_59-110	1.44	1.43	1.39	1.34	1.27	1.19	1.09	0.99	0.88	0.77	0.65	0.54	0.43	0.32	0.22	0.13	0.06	-0.01	-0.06	-0.11	-0.14	-0.16	-0.17	-0.17	-0.16	-0.15	-0.14	-0.12	-0.10	-0.08	-0.07	-0.05	-0.04	-0.04	-0.04	-0.04	-0.04	-0.05	-0.06	-0.08	-0.09	-0.10	-0.12	-0.13	-0.13	-0.13	-0.13	-0.12	-0.11	-0.09	-0.07	-0.04	
Q80XU3_59-110	0.70	0.69	0.66	0.63	0.58	0.52	0.45	0.38	0.31	0.23	0.15	0.08	0.01	-0.05	-0.11	-0.15	-0.19	-0.21	-0.23	-0.23	-0.23	-0.21	-0.19	-0.16	-0.12	-0.08	-0.04	-0.00	0.04	0.08	0.11	0.14	0.16	0.17	0.18	0.18	0.17	0.16	0.14	0.11	0.08	0.05	0.02	-0.02	-0.05	-0.08	-0.11	-0.13	-0.15	-0.16	-0.17	-0.17	
Q80XU3_59-110	2.05	2.02	1.96	1.87	1.76	1.62	1.47	1.30	1.12	0.93	0.74	0.55	0.37	0.19	0.04	-0.11	-0.23	-0.33	-0.42	-0.48	-0.51	-0.53	-0.52	-0.50	-0.47	-0.42	-0.35	-0.29	-0.22	-0.14	-0.07	-0.01	0.05	0.10	0.15	0.18	0.20	0.21	0.20	0.19	0.17	0.14	0.11	0.07	0.03	-0.01	-0.05	-0.09	-0.13	-0.15	-0.17	-0.19	
Q80XU3_76-127	1.71	1.69	1.63	1.56	1.46	1.34	1.21	1.06	0.90	0.74	0.57	0.41	0.26	0.11	-0.02	-0.14	-0.24	-0.32	-0.38	-0.42	-0.44	-0.44	-0.43	-0.40	-0.36	-0.31	-0.25	-0.19	-0.13	-0.07	-0.01	0.04	0.08	0.12	0.15	0.16	0.17	0.16	0.15	0.13	0.10	0.07	0.04	0.00	-0.03	-0.06	-0.09	-0.11	-0.13	-0.14	-0.14	-0.14	
Q80XU3_76-127	1.60	1.58	1.53	1.45	1.36	1.25	1.12	0.98	0.83	0.68	0.52	0.37	0.22	0.09	-0.04	-0.15	-0.24	-0.31	-0.37	-0.40	-0.42	-0.42	-0.40	-0.37	-0.33	-0.28	-0.22	-0.16	-0.09	-0.03	0.03	0.09	0.13	0.17	0.20	0.22	0.22	0.22	0.21	0.19	0.16	0.13	0.10	0.06	0.03	-0.01	-0.04	-0.07	-0.09	-0.10	-0.11	-0.11	
Q80XU3_76-127	0.69	0.68	0.66	0.63	0.59	0.54	0.49	0.43	0.37	0.30	0.24	0.17	0.11	0.05	-0.00	-0.05	-0.09	-0.13	-0.16	-0.18	-0.20	-0.21	-0.21	-0.20	-0.19	-0.18	-0.16	-0.15	-0.13	-0.11	-0.09	-0.07	-0.05	-0.04	-0.02	-0.01	-0.01	-0.00	-0.00	-0.00	-0.00	-0.01	-0.01	-0.02	-0.02	-0.03	-0.03	-0.04	-0.04	-0.04	-0.04	-0.04	
Q80XU3_76-127	0.79	0.78	0.75	0.72	0.68	0.63	0.57	0.50	0.43	0.36	0.29	0.21	0.14	0.08	0.02	-0.04	-0.09	-0.13	-0.16	-0.19	-0.20	-0.21	-0.22	-0.22	-0.21	-0.20	-0.19	-0.18	-0.16	-0.15	-0.13	-0.12	-0.11	-0.11	-0.10	-0.10	-0.10	-0.10	-0.10	-0.11	-0.11	-0.12	-0.12	-0.12	-0.12	-0.12	-0.12	-0.12	-0.11	-0.10	-0.09	-0.08	
Q80XU3_76-127	1.31	1.29	1.25	1.19	1.12	1.02	0.92	0.81	0.69	0.57	0.44	0.32	0.21	0.10	-0.00	-0.09	-0.16	-0.21	-0.25	-0.28	-0.29	-0.29	-0.27	-0.24	-0.21	-0.16	-0.11	-0.06	-0.01	0.04	0.09	0.13	0.17	0.19	0.21	0.22	0.22	0.21	0.19	0.17	0.14	0.10	0.07	0.03	-0.01	-0.05	-0.09	-0.12	-0.14	-0.16	-0.18	-0.18	
Q80XU3_76-127	1.22	1.20	1.16	1.11	1.04	0.96	0.87	0.77	0.66	0.55	0.44	0.33	0.23	0.13	0.05	-0.03	-0.09	-0.14	-0.18	-0.20	-0.21	-0.20	-0.19	-0.16	-0.13	-0.09	-0.05	-0.01	0.04	0.08	0.12	0.15	0.17	0.19	0.20	0.20	0.20	0.18	0.16	0.13	0.10	0.07	0.03	-0.01	-0.05	-0.08	-0.12	-0.14	-0.17	-0.18	-0.19	-0.20	
Q80XU3_76-127	1.69	1.67	1.62	1.54	1.45	1.34	1.21	1.07	0.92	0.77	0.62	0.47	0.32	0.19	0.07	-0.03	-0.12	-0.19	-0.24	-0.27	-0.28	-0.28	-0.25	-0.22	-0.17	-0.12	-0.06	0.00	0.07	0.13	0.18	0.23	0.27	0.30	0.31	0.32	0.31	0.29	0.27	0.23	0.18	0.13	0.08	0.02	-0.03	-0.09	-0.13	-0.18	-0.21	-0.24	-0.26	-0.27	
Q80XU3_76-127	1.29	1.27	1.24	1.19	1.12	1.03	0.94	0.84	0.73	0.62	0.50	0.39	0.29	0.19	0.10	0.02	-0.05	-0.10	-0.13	-0.16	-0.17	-0.16	-0.14	-0.11	-0.08	-0.03	0.02	0.07	0.13	0.18	0.23	0.28	0.32	0.35	0.37	0.38	0.38	0.38	0.36	0.33	0.30	0.25	0.21	0.16	0.10	0.05	-0.00	-0.05	-0.10	-0.14	-0.17	-0.19	
Q80XU3_76-127	0.76	0.75	0.73	0.69	0.64	0.59	0.52	0.45	0.38	0.30	0.22	0.14	0.06	-0.01	-0.07	-0.13	-0.18	-0.22	-0.26	-0.28	-0.29	-0.30	-0.30	-0.29	-0.27	-0.25	-0.22	-0.19	-0.16	-0.13	-0.10	-0.07	-0.04	-0.02	0.00	0.02	0.03	0.04	0.05	0.05	0.05	0.05	0.04	0.04	0.03	0.02	0.02	0.01	0.01	0.01	0.01	0.01	
Q80XU3_76-127	1.99	1.97	1.91	1.82	1.71	1.58	1.44	1.27	1.10	0.92	0.74	0.56	0.39	0.24	0.09	-0.04	-0.14	-0.23	-0.30	-0.34	-0.37	-0.38	-0.36	-0.34	-0.30	-0.25	-0.19	-0.13	-0.07	-0.01	0.04	0.09	0.12	0.15	0.16	0.17	0.16	0.14	0.11	0.08	0.04	-0.01	-0.06	-0.11	-0.16	-0.20	-0.24	-0.27	-0.29	-0.30	-0.30	-0.30	
Q80XU3_84-135	1.66	1.63	1.59	1.51	1.42	1.31	1.18	1.04	0.89	0.74	0.58	0.43	0.28	0.14	0.02	-0.10	-0.19	-0.27	-0.34	-0.38	-0.41	-0.42	-0.41	-0.39	-0.36	-0.32	-0.27	-0.22	-0.17	-0.12	-0.07	-0.02	0.01	0.05	0.07	0.08	0.09	0.08	0.07	0.05	0.03	0.00	-0.03	-0.06	-0.09	-0.12	-0.15	-0.18	-0.19	-0.21	-0.22	-0.22	
Q80XU3_84-135	1.55	1.53	1.48	1.41	1.32	1.21	1.09	0.95	0.81	0.66	0.51	0.36	0.22	0.08	-0.04	-0.15	-0.24	-0.32	-0.37	-0.42	-0.44	-0.45	-0.44	-0.42	-0.38	-0.34	-0.29	-0.24	-0.18	-0.13	-0.08	-0.03	0.01	0.04	0.07	0.08	0.09	0.09	0.08	0.07	0.05	0.02	-0.01	-0.04	-0.07	-0.09	-0.12	-0.14	-0.16	-0.17	-0.18	-0.18	
Q80XU3_84-135	0.68	0.67	0.66	0.63	0.60	0.56	0.51	0.46	0.41	0.35	0.29	0.24	0.18	0.13	0.08	0.04	-0.00	-0.03	-0.06	-0.08	-0.10	-0.11	-0.11	-0.11	-0.11	-0.10	-0.09	-0.08	-0.06	-0.05	-0.04	-0.03	-0.02	-0.01	-0.00	-0.00	-0.00	-0.00	-0.01	-0.02	-0.02	-0.03	-0.04	-0.05	-0.06	-0.06	-0.07	-0.07	-0.07	-0.07	-0.06	-0.05	
Q80XU3_84-135	0.77	0.76	0.75	0.72	0.69	0.65	0.60	0.55	0.50	0.44	0.38	0.32	0.27	0.21	0.16	0.12	0.07	0.04	0.01	-0.02	-0.04	-0.05	-0.06	-0.06	-0.06	-0.05	-0.05	-0.04	-0.03	-0.02	-0.01	-0.00	0.00	0.01	0.01	0.01	0.01	-0.00	-0.01	-0.02	-0.03	-0.05	-0.06	-0.07	-0.09	-0.10	-0.11	-0.11	-0.12	-0.12	-0.12	-0.11	
Q80XU3_84-135	1.34	1.32	1.28	1.21	1.13	1.03	0.91	0.79	0.66	0.52	0.39	0.25	0.13	0.01	-0.09	-0.18	-0.26	-0.31	-0.35	-0.38	-0.38	-0.37	-0.35	-0.31	-0.26	-0.21	-0.15	-0.09	-0.03	0.03	0.08	0.13	0.17	0.19	0.21	0.22	0.22	0.21	0.20	0.17	0.14	0.10	0.07	0.03	-0.01	-0.05	-0.08	-0.10	-0.12	-0.14	-0.14	-0.15	
Q80XU3_84-135	1.26	1.24	1.20	1.14	1.06	0.97	0.86	0.74	0.62	0.49	0.37	0.24	0.13	0.02	-0.07	-0.15	-0.22	-0.27	-0.30	-0.31	-0.31	-0.30	-0.27	-0.23	-0.18	-0.13	-0.07	-0.01	0.05	0.11	0.16	0.21	0.24	0.27	0.28	0.29	0.28	0.27	0.24	0.21	0.18	0.14	0.09	0.05	0.01	-0.03	-0.07	-0.09	-0.12	-0.13	-0.14	-0.14	
Q80XU3_84-135	1.68	1.65	1.59	1.51	1.41	1.29	1.15	1.00	0.83	0.67	0.50	0.34	0.19	0.04	-0.08	-0.19	-0.28	-0.35	-0.40	-0.42	-0.43	-0.42	-0.39	-0.34	-0.28	-0.21	-0.14	-0.07	0.01	0.08	0.15	0.21	0.25	0.29	0.32	0.33	0.33	0.32	0.30	0.26	0.23	0.18	0.14	0.09	0.04	-0.00	-0.04	-0.08	-0.10	-0.13	-0.14	-0.14	
Q80XU3_84-135	1.27	1.24	1.20	1.14	1.06	0.96	0.85	0.73	0.60	0.47	0.34	0.21	0.09	-0.02	-0.12	-0.20	-0.27	-0.33	-0.36	-0.38	-0.38	-0.37	-0.34	-0.30	-0.25	-0.20	-0.13	-0.07	-0.01	0.06	0.11	0.16	0.21	0.24	0.27	0.29	0.30	0.30	0.29	0.27	0.25	0.22	0.19	0.16	0.13	0.11	0.08	0.06	0.04	0.03	0.02	0.02	
Q80XU3_84-135	0.77	0.76	0.74	0.71	0.67	0.62	0.56	0.50	0.43	0.36	0.29	0.22	0.15	0.08	0.02	-0.03	-0.08	-0.13	-0.16	-0.19	-0.21	-0.22	-0.22	-0.22	-0.22	-0.20	-0.19	-0.17	-0.15	-0.13	-0.11	-0.10	-0.08	-0.07	-0.06	-0.05	-0.04	-0.04	-0.05	-0.05	-0.06	-0.07	-0.07	-0.08	-0.09	-0.10	-0.11	-0.11	-0.12	-0.12	-0.12	-0.11	
Q80XU3_84-135	1.99	1.96	1.90	1.81	1.70	1.56	1.41	1.24	1.06	0.88	0.69	0.51	0.34	0.18	0.04	-0.09	-0.19	-0.28	-0.33	-0.37	-0.39	-0.38	-0.36	-0.32	-0.26	-0.20	-0.13	-0.06	0.01	0.08	0.14	0.20	0.24	0.27	0.29	0.30	0.29	0.27	0.24	0.20	0.15	0.10	0.04	-0.02	-0.07	-0.12	-0.17	-0.21	-0.24	-0.27	-0.28	-0.29	
Q80XU3_101-152	1.49	1.47	1.43	1.38	1.30	1.21	1.10	0.99	0.87	0.74	0.61	0.49	0.36	0.25	0.14	0.04	-0.04	-0.11	-0.17	-0.21	-0.24	-0.26	-0.26	-0.25	-0.23	-0.21	-0.18	-0.14	-0.10	-0.06	-0.03	0.01	0.03	0.06	0.08	0.09	0.09	0.09	0.08	0.07	0.06	0.04	0.01	-0.01	-0.04	-0.06	-0.08	-0.10	-0.11	-0.13	-0.13	-0.14	
Q80XU3_101-152	1.45	1.43	1.40	1.34	1.26	1.18	1.07	0.96	0.84	0.72	0.59	0.47	0.35	0.23	0.13	0.03	-0.05	-0.12	-0.18	-0.22	-0.25	-0.27	-0.27	-0.26	-0.25	-0.22	-0.19	-0.15	-0.12	-0.08	-0.04	-0.01	0.02	0.05	0.07	0.08	0.09	0.09	0.08	0.07	0.05	0.03	0.01	-0.01	-0.04	-0.06	-0.08	-0.11	-0.12	-0.14	-0.15	-0.15	
Q80XU3_101-152	0.67	0.66	0.64	0.61	0.57	0.53	0.48	0.42	0.36	0.30	0.24	0.18	0.12	0.07	0.02	-0.02	-0.05	-0.08	-0.10	-0.11	-0.12	-0.11	-0.10	-0.09	-0.07	-0.05	-0.02	0.01	0.03	0.06	0.08	0.10	0.12	0.14	0.15	0.15	0.15	0.15	0.14	0.13	0.12	0.10	0.08	0.07	0.05	0.03	0.01	-0.00	-0.02	-0.03	-0.04	-0.04	
Q80XU3_101-152	0.70	0.69	0.67	0.64	0.60	0.55	0.49	0.43	0.37	0.30	0.24	0.18	0.11	0.06	0.01	-0.04	-0.07	-0.10	-0.12	-0.13	-0.13	-0.13	-0.11	-0.10	-0.07	-0.05	-0.02	0.01	0.04	0.07	0.10	0.12	0.14	0.16	0.17	0.18	0.18	0.17	0.17	0.16	0.14	0.12	0.11	0.09	0.07	0.05	0.03	0.02	0.01	-0.00	-0.01	-0.01	
Q80XU3_101-152	1.42	1.40	1.35	1.28	1.20	1.09	0.97	0.85	0.71	0.57	0.43	0.29	0.16	0.04	-0.07	-0.17	-0.25	-0.31	-0.35	-0.38	-0.39	-0.39	-0.37	-0.34	-0.30	-0.25	-0.19	-0.14	-0.09	-0.03	0.01	0.05	0.09	0.11	0.12	0.13	0.12	0.11	0.09	0.06	0.03	-0.00	-0.04	-0.08	-0.11	-0.14	-0.16	-0.18	-0.19	-0.20	-0.19	-0.18	
Q80XU3_101-152	1.44	1.42	1.37	1.29	1.20	1.08	0.95	0.81	0.66	0.50	0.34	0.19	0.05	-0.08	-0.20	-0.30	-0.39	-0.45	-0.49	-0.51	-0.52	-0.50	-0.47	-0.43	-0.37	-0.30	-0.23	-0.16	-0.08	-0.01	0.05	0.11	0.15	0.19	0.21	0.22	0.22	0.21	0.18	0.15	0.11	0.07	0.03	-0.02	-0.07	-0.11	-0.15	-0.18	-0.20	-0.22	-0.22	-0.22	
Q80XU3_101-152	1.69	1.67	1.61	1.54	1.43	1.31	1.17	1.02	0.86	0.70	0.53	0.37	0.21	0.07	-0.07	-0.18	-0.28	-0.36	-0.42	-0.45	-0.47	-0.47	-0.45	-0.42	-0.38	-0.33	-0.27	-0.20	-0.14	-0.08	-0.02	0.03	0.07	0.10	0.12	0.13	0.13	0.12	0.10	0.07	0.04	-0.00	-0.04	-0.08	-0.12	-0.16	-0.20	-0.22	-0.24	-0.25	-0.26	-0.25	
Q80XU3_101-152	1.37	1.35	1.30	1.24	1.16	1.06	0.95	0.82	0.69	0.56	0.43	0.30	0.17	0.05	-0.05	-0.14	-0.22	-0.28	-0.33	-0.36	-0.37	-0.37	-0.35	-0.32	-0.29	-0.24	-0.19	-0.14	-0.09	-0.04	0.00	0.04	0.07	0.09	0.11	0.11	0.11	0.09	0.07	0.05	0.02	-0.02	-0.05	-0.09	-0.13	-0.16	-0.19	-0.21	-0.23	-0.24	-0.25	-0.24	
Q80XU3_101-152	0.78	0.77	0.75	0.72	0.68	0.63	0.57	0.51	0.44	0.37	0.30	0.24	0.17	0.11	0.05	-0.00	-0.05	-0.09	-0.12	-0.14	-0.15	-0.16	-0.15	-0.15	-0.13	-0.11	-0.09	-0.06	-0.03	-0.01	0.02	0.05	0.07	0.09	0.11	0.12	0.13	0.13	0.13	0.12	0.12	0.10	0.09	0.07	0.05	0.03	0.02	-0.00	-0.02	-0.04	-0.05	-0.06	
Q80XU3_101-152	1.84	1.81	1.75	1.67	1.56	1.43	1.28	1.12	0.95	0.77	0.60	0.42	0.26	0.10	-0.04	-0.16	-0.27	-0.35	-0.41	-0.45	-0.47	-0.47	-0.45	-0.42	-0.37	-0.32	-0.25	-0.19	-0.12	-0.06	-0.00	0.05	0.09	0.12	0.14	0.15	0.15	0.13	0.11	0.08	0.04	0.00	-0.04	-0.08	-0.12	-0.15	-0.18	-0.21	-0.22	-0.23	-0.23	-0.21	
Q80XU3_109-160	1.45	1.42	1.38	1.32	1.24	1.15	1.04	0.92	0.79	0.67	0.54	0.41	0.29	0.17	0.07	-0.02	-0.09	-0.15	-0.20	-0.22	-0.24	-0.24	-0.23	-0.21	-0.18	-0.14	-0.10	-0.06	-0.02	0.02	0.06	0.08	0.11	0.12	0.12	0.12	0.11	0.09	0.07	0.04	0.00	-0.03	-0.06	-0.10	-0.13	-0.15	-0.17	-0.19	-0.19	-0.19	-0.19	-0.17	
Q80XU3_109-160	1.41	1.39	1.35	1.29	1.21	1.12	1.02	0.91	0.79	0.66	0.54	0.42	0.30	0.19	0.09	0.00	-0.07	-0.13	-0.17	-0.20	-0.22	-0.22	-0.21	-0.20	-0.17	-0.14	-0.10	-0.06	-0.02	0.01	0.04	0.07	0.09	0.10	0.11	0.11	0.10	0.08	0.06	0.04	0.01	-0.02	-0.05	-0.08	-0.10	-0.12	-0.14	-0.15	-0.16	-0.16	-0.15	-0.14	
Q80XU3_109-160	0.66	0.65	0.63	0.59	0.55	0.50	0.44	0.38	0.31	0.24	0.18	0.11	0.05	-0.01	-0.06	-0.11	-0.14	-0.17	-0.19	-0.20	-0.20	-0.19	-0.18	-0.16	-0.14	-0.11	-0.08	-0.05	-0.02	0.01	0.04	0.06	0.08	0.10	0.11	0.11	0.11	0.10	0.09	0.08	0.07	0.05	0.03	0.01	-0.00	-0.02	-0.03	-0.04	-0.05	-0.05	-0.05	-0.04	
Q80XU3_109-160	0.70	0.68	0.66	0.62	0.57	0.52	0.45	0.38	0.31	0.23	0.15	0.08	0.01	-0.05	-0.11	-0.16	-0.20	-0.23	-0.25	-0.26	-0.25	-0.24	-0.23	-0.20	-0.17	-0.14	-0.10	-0.07	-0.03	0.00	0.03	0.06	0.08	0.10	0.11	0.11	0.11	0.10	0.09	0.07	0.05	0.03	0.01	-0.01	-0.03	-0.05	-0.07	-0.08	-0.09	-0.09	-0.09	-0.08	
Q80XU3_109-160	1.47	1.45	1.40	1.33	1.25	1.15	1.03	0.90	0.76	0.62	0.48	0.34	0.21	0.09	-0.03	-0.12	-0.21	-0.27	-0.32	-0.35	-0.36	-0.36	-0.34	-0.31	-0.27	-0.23	-0.17	-0.11	-0.06	-0.00	0.05	0.10	0.14	0.17	0.19	0.20	0.20	0.19	0.17	0.14	0.11	0.07	0.03	-0.01	-0.05	-0.09	-0.13	-0.16	-0.18	-0.20	-0.21	-0.22	
Q80XU3_109-160	1.50	1.48	1.43	1.36	1.27	1.17	1.05	0.91	0.77	0.62	0.47	0.32	0.18	0.05	-0.08	-0.19	-0.28	-0.36	-0.41	-0.46	-0.48	-0.48	-0.47	-0.45	-0.41	-0.36	-0.30	-0.24	-0.18	-0.11	-0.05	0.01	0.07	0.12	0.15	0.18	0.20	0.21	0.21	0.20	0.18	0.16	0.13	0.09	0.06	0.02	-0.02	-0.06	-0.09	-0.12	-0.14	-0.16	
Q80XU3_109-160	1.76	1.73	1.68	1.60	1.50	1.38	1.25	1.10	0.94	0.78	0.62	0.45	0.30	0.16	0.03	-0.09	-0.19	-0.27	-0.33	-0.37	-0.39	-0.39	-0.37	-0.34	-0.30	-0.25	-0.20	-0.13	-0.07	-0.01	0.04	0.09	0.14	0.17	0.19	0.21	0.21	0.20	0.18	0.16	0.12	0.09	0.05	0.00	-0.04	-0.08	-0.11	-0.15	-0.17	-0.19	-0.20	-0.21	
Q80XU3_109-160	1.45	1.42	1.38	1.31	1.23	1.12	1.01	0.88	0.75	0.61	0.47	0.34	0.21	0.09	-0.01	-0.10	-0.18	-0.24	-0.28	-0.30	-0.31	-0.30	-0.28	-0.25	-0.21	-0.16	-0.10	-0.05	0.00	0.05	0.10	0.14	0.17	0.19	0.20	0.20	0.19	0.18	0.15	0.12	0.09	0.05	0.01	-0.02	-0.06	-0.09	-0.12	-0.14	-0.15	-0.16	-0.16	-0.16	
Q80XU3_109-160	0.72	0.71	0.69	0.66	0.62	0.57	0.52	0.46	0.40	0.33	0.27	0.20	0.14	0.08	0.02	-0.03	-0.07	-0.11	-0.14	-0.16	-0.17	-0.18	-0.18	-0.17	-0.16	-0.15	-0.13	-0.11	-0.09	-0.06	-0.04	-0.02	-0.00	0.01	0.03	0.04	0.05	0.05	0.05	0.05	0.04	0.04	0.03	0.02	0.02	0.01	0.00	-0.00	-0.01	-0.01	-0.01	-0.01	
Q80XU3_109-160	1.89	1.86	1.80	1.72	1.61	1.48	1.33	1.17	1.00	0.82	0.65	0.47	0.31	0.15	0.01	-0.11	-0.22	-0.30	-0.36	-0.40	-0.42	-0.42	-0.40	-0.37	-0.32	-0.26	-0.19	-0.13	-0.06	0.01	0.07	0.12	0.17	0.20	0.22	0.23	0.23	0.22	0.19	0.16	0.12	0.07	0.02	-0.03	-0.08	-0.13	-0.17	-0.21	-0.24	-0.26	-0.27	-0.27	
Q80XU3_126-177	1.44	1.41	1.37	1.30	1.21	1.10	0.98	0.84	0.70	0.56	0.41	0.27	0.14	0.02	-0.09	-0.19	-0.26	-0.32	-0.36	-0.38	-0.38	-0.37	-0.34	-0.30	-0.25	-0.19	-0.12	-0.06	0.01	0.07	0.13	0.18	0.22	0.25	0.27	0.27	0.27	0.26	0.24	0.21	0.17	0.13	0.09	0.04	-0.00	-0.04	-0.08	-0.11	-0.14	-0.16	-0.17	-0.18	
Q80XU3_126-177	1.36	1.34	1.30	1.23	1.15	1.05	0.94	0.81	0.68	0.55	0.41	0.28	0.16	0.04	-0.06	-0.15	-0.22	-0.27	-0.31	-0.33	-0.34	-0.33	-0.30	-0.27	-0.22	-0.17	-0.11	-0.05	0.01	0.07	0.12	0.16	0.20	0.23	0.24	0.25	0.25	0.24	0.21	0.19	0.15	0.11	0.07	0.03	-0.01	-0.05	-0.08	-0.12	-0.14	-0.16	-0.17	-0.18	
Q80XU3_126-177	0.68	0.67	0.65	0.62	0.58	0.54	0.49	0.43	0.37	0.30	0.24	0.17	0.11	0.05	-0.00	-0.05	-0.09	-0.12	-0.15	-0.17	-0.18	-0.18	-0.18	-0.17	-0.16	-0.14	-0.12	-0.10	-0.08	-0.05	-0.03	-0.01	0.01	0.02	0.04	0.04	0.05	0.05	0.05	0.05	0.04	0.03	0.02	0.01	-0.00	-0.01	-0.02	-0.03	-0.03	-0.04	-0.04	-0.04	
Q80XU3_126-177	0.77	0.76	0.73	0.70	0.65	0.60	0.53	0.47	0.39	0.32	0.24	0.17	0.10	0.03	-0.03	-0.09	-0.13	-0.17	-0.19	-0.21	-0.22	-0.22	-0.21	-0.20	-0.18	-0.16	-0.13	-0.10	-0.08	-0.05	-0.02	-0.00	0.02	0.03	0.05	0.05	0.05	0.05	0.05	0.04	0.03	0.02	0.00	-0.01	-0.02	-0.03	-0.04	-0.05	-0.05	-0.05	-0.05	-0.04	
Q80XU3_126-177	1.45	1.43	1.39	1.33	1.25	1.15	1.04	0.91	0.78	0.65	0.51	0.38	0.25	0.13	0.02	-0.08	-0.17	-0.24	-0.29	-0.33	-0.35	-0.36	-0.35	-0.33	-0.30	-0.26	-0.22	-0.17	-0.12	-0.07	-0.02	0.03	0.07	0.10	0.12	0.14	0.15	0.15	0.14	0.13	0.11	0.08	0.06	0.03	0.00	-0.03	-0.05	-0.08	-0.09	-0.11	-0.11	-0.11	
Q80XU3_126-177	1.48	1.46	1.42	1.36	1.29	1.20	1.10	0.98	0.86	0.74	0.61	0.48	0.36	0.24	0.13	0.03	-0.05	-0.13	-0.19	-0.23	-0.27	-0.29	-0.29	-0.29	-0.27	-0.25	-0.22	-0.19	-0.16	-0.12	-0.09	-0.05	-0.03	-0.00	0.01	0.02	0.03	0.03	0.02	0.01	-0.01	-0.03	-0.05	-0.07	-0.10	-0.12	-0.14	-0.15	-0.16	-0.17	-0.17	-0.17	
Q80XU3_126-177	1.66	1.63	1.59	1.52	1.43	1.32	1.20	1.07	0.93	0.78	0.63	0.48	0.34	0.20	0.08	-0.03	-0.13	-0.21	-0.27	-0.32	-0.35	-0.36	-0.36	-0.34	-0.31	-0.27	-0.22	-0.17	-0.12	-0.07	-0.01	0.03	0.08	0.11	0.14	0.16	0.17	0.17	0.16	0.15	0.12	0.10	0.07	0.03	-0.00	-0.03	-0.07	-0.10	-0.12	-0.14	-0.16	-0.16	
Q80XU3_126-177	1.42	1.40	1.35	1.29	1.21	1.12	1.00	0.88	0.75	0.62	0.48	0.35	0.22	0.10	-0.02	-0.12	-0.20	-0.27	-0.33	-0.37	-0.39	-0.39	-0.38	-0.36	-0.33	-0.28	-0.23	-0.18	-0.12	-0.06	0.00	0.06	0.11	0.15	0.18	0.21	0.22	0.23	0.22	0.21	0.19	0.16	0.13	0.09	0.05	0.01	-0.03	-0.07	-0.11	-0.14	-0.17	-0.19	
Q80XU3_126-177	0.71	0.70	0.68	0.64	0.60	0.55	0.49	0.43	0.37	0.30	0.23	0.17	0.10	0.05	-0.00	-0.04	-0.08	-0.10	-0.12	-0.13	-0.13	-0.13	-0.11	-0.10	-0.08	-0.06	-0.03	-0.01	0.01	0.03	0.05	0.06	0.07	0.07	0.06	0.06	0.05	0.03	0.01	-0.01	-0.03	-0.05	-0.07	-0.09	-0.10	-0.12	-0.13	-0.13	-0.13	-0.13	-0.12	-0.11	
Q80XU3_126-177	1.86	1.84	1.78	1.70	1.59	1.47	1.32	1.16	0.99	0.82	0.64	0.47	0.31	0.15	0.01	-0.12	-0.22	-0.31	-0.37	-0.42	-0.44	-0.44	-0.43	-0.40	-0.36	-0.30	-0.24	-0.17	-0.11	-0.04	0.02	0.08	0.13	0.17	0.20	0.21	0.22	0.22	0.20	0.18	0.15	0.12	0.08	0.04	0.01	-0.03	-0.06	-0.09	-0.11	-0.13	-0.14	-0.14	
Q80XU3_134-185	1.37	1.35	1.31	1.25	1.17	1.08	0.98	0.86	0.74	0.61	0.48	0.36	0.24	0.12	0.01	-0.08	-0.16	-0.23	-0.29	-0.32	-0.35	-0.36	-0.35	-0.34	-0.31	-0.27	-0.23	-0.18	-0.13	-0.08	-0.03	0.01	0.06	0.10	0.13	0.15	0.17	0.18	0.19	0.18	0.18	0.17	0.15	0.13	0.11	0.10	0.08	0.06	0.04	0.03	0.02	0.02	
Q80XU3_134-185	1.29	1.28	1.24	1.18	1.11	1.03	0.93	0.82	0.71	0.59	0.47	0.35	0.24	0.13	0.03	-0.06	-0.13	-0.20	-0.24	-0.28	-0.30	-0.31	-0.30	-0.29	-0.26	-0.23	-0.19	-0.15	-0.10	-0.05	-0.01	0.03	0.07	0.11	0.14	0.16	0.17	0.18	0.19	0.18	0.18	0.17	0.15	0.13	0.12	0.10	0.08	0.07	0.05	0.04	0.04	0.03	
Q80XU3_134-185	0.78	0.77	0.74	0.70	0.65	0.60	0.53	0.45	0.38	0.30	0.22	0.14	0.07	0.00	-0.06	-0.11	-0.15	-0.18	-0.20	-0.21	-0.21	-0.20	-0.18	-0.16	-0.13	-0.10	-0.06	-0.03	0.01	0.04	0.07	0.09	0.11	0.12	0.12	0.12	0.11	0.09	0.07	0.05	0.02	-0.00	-0.03	-0.06	-0.08	-0.11	-0.13	-0.14	-0.15	-0.15	-0.15	-0.14	
Q80XU3_134-185	0.89	0.87	0.84	0.80	0.74	0.67	0.59	0.51	0.42	0.32	0.23	0.14	0.06	-0.02	-0.08	-0.14	-0.19	-0.22	-0.25	-0.26	-0.25	-0.24	-0.22	-0.19	-0.16	-0.12	-0.08	-0.04	0.00	0.04	0.07	0.10	0.12	0.14	0.14	0.14	0.13	0.11	0.09	0.06	0.03	-0.01	-0.04	-0.07	-0.10	-0.13	-0.16	-0.18	-0.19	-0.19	-0.19	-0.18	
Q80XU3_134-185	1.38	1.36	1.32	1.26	1.19	1.10	0.99	0.88	0.76	0.63	0.50	0.38	0.25	0.14	0.04	-0.06	-0.14	-0.21	-0.26	-0.30	-0.32	-0.33	-0.33	-0.32	-0.30	-0.27	-0.23	-0.19	-0.15	-0.11	-0.07	-0.04	-0.01	0.01	0.03	0.04	0.05	0.05	0.04	0.02	0.01	-0.01	-0.04	-0.06	-0.08	-0.11	-0.13	-0.14	-0.16	-0.16	-0.17	-0.17	
Q80XU3_134-185	1.41	1.39	1.35	1.30	1.22	1.13	1.03	0.92	0.80	0.68	0.56	0.44	0.32	0.21	0.11	0.02	-0.06	-0.12	-0.17	-0.21	-0.23	-0.24	-0.23	-0.22	-0.20	-0.17	-0.14	-0.10	-0.07	-0.03	0.00	0.03	0.05	0.07	0.08	0.08	0.07	0.06	0.04	0.01	-0.02	-0.05	-0.08	-0.11	-0.15	-0.18	-0.20	-0.23	-0.25	-0.26	-0.27	-0.27	
Q80XU3_134-185	1.54	1.52	1.47	1.41	1.33	1.24	1.13	1.01	0.89	0.75	0.62	0.49	0.36	0.24	0.12	0.02	-0.07	-0.15	-0.21	-0.25	-0.28	-0.30	-0.31	-0.30	-0.28	-0.26	-0.23	-0.19	-0.15	-0.11	-0.07	-0.04	-0.01	0.02	0.04	0.06	0.07	0.07	0.07	0.06	0.05	0.03	0.01	-0.00	-0.02	-0.04	-0.06	-0.07	-0.08	-0.09	-0.10	-0.10	
Q80XU3_134-185	1.31	1.29	1.26	1.21	1.15	1.07	0.98	0.88	0.78	0.66	0.55	0.44	0.33	0.22	0.12	0.03	-0.05	-0.12	-0.18	-0.23	-0.27	-0.29	-0.31	-0.31	-0.31	-0.29	-0.27	-0.25	-0.22	-0.18	-0.15	-0.11	-0.08	-0.05	-0.02	0.01	0.04	0.06	0.07	0.09	0.10	0.11	0.11	0.11	0.11	0.11	0.11	0.11	0.10	0.10	0.09	0.09	
Q80XU3_134-185	0.79	0.77	0.75	0.71	0.66	0.59	0.52	0.45	0.37	0.29	0.21	0.13	0.06	-0.01	-0.06	-0.11	-0.15	-0.18	-0.19	-0.19	-0.19	-0.17	-0.15	-0.11	-0.08	-0.04	0.01	0.05	0.09	0.13	0.16	0.19	0.20	0.22	0.22	0.22	0.20	0.18	0.16	0.13	0.09	0.06	0.02	-0.02	-0.06	-0.09	-0.12	-0.14	-0.16	-0.17	-0.17	-0.17	
Q80XU3_134-185	1.77	1.74	1.69	1.62	1.52	1.40	1.26	1.11	0.95	0.79	0.62	0.46	0.30	0.15	0.02	-0.10	-0.21	-0.29	-0.36	-0.41	-0.44	-0.45	-0.44	-0.42	-0.39	-0.34	-0.29	-0.24	-0.18	-0.12	-0.07	-0.02	0.02	0.05	0.08	0.09	0.10	0.09	0.08	0.06	0.04	0.01	-0.02	-0.06	-0.09	-0.12	-0.15	-0.17	-0.19	-0.20	-0.21	-0.21	
Q80XU3_151-202	1.39	1.36	1.32	1.26	1.19	1.09	0.99	0.87	0.75	0.62	0.50	0.38	0.26	0.15	0.05	-0.03	-0.10	-0.15	-0.19	-0.21	-0.22	-0.22	-0.20	-0.18	-0.14	-0.10	-0.06	-0.02	0.02	0.06	0.10	0.12	0.14	0.15	0.15	0.14	0.12	0.10	0.07	0.03	-0.01	-0.05	-0.09	-0.13	-0.17	-0.20	-0.22	-0.24	-0.26	-0.26	-0.26	-0.25	
Q80XU3_151-202	1.28	1.26	1.22	1.17	1.09	1.01	0.91	0.80	0.69	0.58	0.46	0.35	0.24	0.14	0.05	-0.02	-0.09	-0.14	-0.17	-0.20	-0.20	-0.20	-0.18	-0.16	-0.13	-0.09	-0.05	-0.01	0.02	0.06	0.09	0.11	0.13	0.14	0.14	0.13	0.11	0.09	0.06	0.03	-0.01	-0.05	-0.09	-0.12	-0.16	-0.19	-0.21	-0.23	-0.24	-0.24	-0.24	-0.22	
Q80XU3_151-202	0.79	0.78	0.75	0.72	0.67	0.62	0.56	0.49	0.42	0.34	0.26	0.19	0.11	0.04	-0.02	-0.08	-0.12	-0.16	-0.20	-0.22	-0.23	-0.23	-0.23	-0.22	-0.20	-0.18	-0.15	-0.12	-0.09	-0.06	-0.02	0.01	0.04	0.06	0.08	0.10	0.11	0.12	0.12	0.12	0.11	0.11	0.10	0.08	0.07	0.06	0.04	0.03	0.02	0.01	-0.00	-0.01	
Q80XU3_151-202	0.92	0.90	0.87	0.83	0.78	0.72	0.65	0.57	0.49	0.40	0.31	0.22	0.14	0.06	-0.02	-0.08	-0.14	-0.19	-0.23	-0.26	-0.27	-0.28	-0.28	-0.27	-0.25	-0.22	-0.19	-0.16	-0.12	-0.08	-0.04	-0.01	0.03	0.06	0.09	0.11	0.12	0.13	0.14	0.14	0.14	0.13	0.12	0.11	0.10	0.08	0.07	0.05	0.04	0.03	0.02	0.01	
Q80XU3_151-202	1.41	1.39	1.35	1.28	1.20	1.10	0.99	0.86	0.73	0.60	0.46	0.33	0.21	0.09	-0.01	-0.10	-0.18	-0.24	-0.28	-0.30	-0.31	-0.31	-0.29	-0.26	-0.21	-0.17	-0.11	-0.06	-0.00	0.05	0.09	0.13	0.17	0.19	0.20	0.21	0.20	0.19	0.17	0.14	0.10	0.06	0.02	-0.02	-0.06	-0.10	-0.13	-0.16	-0.18	-0.19	-0.20	-0.20	
Q80XU3_151-202	1.32	1.30	1.26	1.20	1.12	1.02	0.92	0.80	0.68	0.55	0.43	0.30	0.18	0.07	-0.03	-0.12	-0.20	-0.25	-0.30	-0.33	-0.34	-0.34	-0.32	-0.29	-0.26	-0.21	-0.16	-0.11	-0.06	-0.00	0.04	0.09	0.12	0.15	0.17	0.19	0.19	0.18	0.17	0.15	0.13	0.10	0.06	0.03	-0.01	-0.04	-0.07	-0.10	-0.12	-0.14	-0.15	-0.15	
Q80XU3_151-202	1.48	1.46	1.41	1.34	1.26	1.16	1.04	0.91	0.78	0.64	0.51	0.37	0.25	0.13	0.03	-0.06	-0.13	-0.18	-0.22	-0.24	-0.24	-0.23	-0.21	-0.17	-0.13	-0.08	-0.03	0.03	0.08	0.12	0.16	0.20	0.22	0.23	0.23	0.22	0.20	0.17	0.14	0.09	0.05	-0.00	-0.05	-0.10	-0.14	-0.18	-0.22	-0.24	-0.26	-0.27	-0.27	-0.26	
Q80XU3_151-202	1.23	1.21	1.18	1.13	1.06	0.98	0.89	0.79	0.69	0.58	0.48	0.38	0.28	0.20	0.12	0.06	0.01	-0.03	-0.05	-0.06	-0.06	-0.05	-0.03	0.00	0.04	0.07	0.11	0.14	0.17	0.19	0.21	0.21	0.21	0.20	0.18	0.15	0.11	0.07	0.02	-0.03	-0.08	-0.14	-0.19	-0.23	-0.27	-0.31	-0.33	-0.35	-0.36	-0.35	-0.34	-0.33	
Q80XU3_151-202	0.80	0.79	0.76	0.73	0.68	0.62	0.55	0.48	0.40	0.32	0.24	0.16	0.08	-0.00	-0.07	-0.14	-0.19	-0.24	-0.28	-0.31	-0.33	-0.34	-0.34	-0.33	-0.31	-0.29	-0.26	-0.22	-0.19	-0.15	-0.11	-0.07	-0.03	0.01	0.04	0.07	0.09	0.11	0.13	0.13	0.14	0.14	0.13	0.13	0.12	0.10	0.09	0.07	0.06	0.05	0.03	0.02	
Q80XU3_151-202	1.86	1.83	1.77	1.68	1.57	1.44	1.29	1.13	0.95	0.78	0.60	0.42	0.26	0.10	-0.04	-0.16	-0.26	-0.33	-0.39	-0.42	-0.43	-0.42	-0.40	-0.35	-0.30	-0.23	-0.16	-0.08	-0.01	0.06	0.13	0.18	0.23	0.26	0.28	0.29	0.28	0.26	0.23	0.19	0.14	0.09	0.04	-0.02	-0.07	-0.12	-0.17	-0.21	-0.24	-0.26	-0.27	-0.27	
Q80XU3_159-210	1.31	1.30	1.26	1.20	1.12	1.04	0.94	0.83	0.71	0.59	0.47	0.35	0.24	0.14	0.04	-0.04	-0.11	-0.16	-0.20	-0.22	-0.23	-0.23	-0.21	-0.18	-0.15	-0.11	-0.06	-0.01	0.04	0.08	0.12	0.16	0.19	0.21	0.22	0.22	0.22	0.21	0.19	0.16	0.13	0.09	0.06	0.02	-0.02	-0.05	-0.09	-0.11	-0.14	-0.15	-0.16	-0.17	
Q80XU3_159-210	1.23	1.21	1.17	1.11	1.04	0.96	0.87	0.76	0.65	0.54	0.42	0.31	0.21	0.11	0.03	-0.05	-0.11	-0.16	-0.19	-0.21	-0.22	-0.21	-0.19	-0.17	-0.13	-0.09	-0.04	0.00	0.05	0.09	0.13	0.16	0.19	0.20	0.21	0.21	0.21	0.19	0.17	0.14	0.11	0.07	0.04	0.00	-0.04	-0.07	-0.10	-0.12	-0.14	-0.16	-0.16	-0.17	
Q80XU3_159-210	0.72	0.71	0.69	0.67	0.63	0.58	0.53	0.47	0.41	0.35	0.28	0.21	0.15	0.08	0.03	-0.03	-0.08	-0.12	-0.16	-0.18	-0.21	-0.22	-0.23	-0.23	-0.23	-0.22	-0.20	-0.19	-0.17	-0.15	-0.13	-0.11	-0.09	-0.07	-0.05	-0.04	-0.02	-0.02	-0.01	-0.01	-0.00	-0.01	-0.01	-0.01	-0.02	-0.02	-0.03	-0.04	-0.04	-0.05	-0.05	-0.05	
Q80XU3_159-210	0.83	0.82	0.80	0.76	0.72	0.67	0.61	0.55	0.48	0.41	0.33	0.26	0.18	0.11	0.04	-0.02	-0.08	-0.13	-0.17	-0.21	-0.24	-0.26	-0.27	-0.27	-0.27	-0.27	-0.25	-0.24	-0.22	-0.20	-0.17	-0.15	-0.13	-0.11	-0.09	-0.07	-0.05	-0.04	-0.03	-0.02	-0.02	-0.02	-0.02	-0.02	-0.03	-0.03	-0.04	-0.04	-0.05	-0.05	-0.06	-0.06	
Q80XU3_159-210	1.43	1.41	1.37	1.30	1.21	1.11	0.99	0.87	0.73	0.59	0.45	0.32	0.19	0.07	-0.04	-0.13	-0.21	-0.27	-0.32	-0.34	-0.35	-0.35	-0.32	-0.29	-0.25	-0.19	-0.14	-0.08	-0.02	0.04	0.10	0.14	0.18	0.21	0.23	0.24	0.24	0.24	0.22	0.19	0.16	0.13	0.09	0.05	0.01	-0.03	-0.06	-0.09	-0.11	-0.12	-0.13	-0.13	
Q80XU3_159-210	1.40	1.38	1.33	1.27	1.18	1.08	0.96	0.83	0.69	0.55	0.41	0.27	0.14	0.02	-0.08	-0.18	-0.25	-0.31	-0.35	-0.38	-0.38	-0.37	-0.35	-0.31	-0.27	-0.21	-0.16	-0.09	-0.03	0.02	0.08	0.12	0.16	0.19	0.21	0.21	0.21	0.20	0.18	0.15	0.12	0.08	0.05	0.01	-0.03	-0.07	-0.10	-0.12	-0.14	-0.15	-0.15	-0.15	
Q80XU3_159-210	1.51	1.48	1.43	1.36	1.26	1.15	1.02	0.89	0.74	0.59	0.44	0.30	0.16	0.04	-0.07	-0.16	-0.24	-0.29	-0.32	-0.34	-0.33	-0.31	-0.27	-0.23	-0.17	-0.10	-0.03	0.04	0.11	0.17	0.23	0.28	0.31	0.34	0.35	0.35	0.33	0.31	0.28	0.24	0.19	0.14	0.09	0.04	-0.01	-0.06	-0.10	-0.13	-0.15	-0.17	-0.18	-0.17	
Q80XU3_159-210	1.20	1.18	1.14	1.08	1.01	0.92	0.82	0.72	0.61	0.49	0.38	0.27	0.17	0.08	0.01	-0.06	-0.11	-0.14	-0.15	-0.15	-0.14	-0.11	-0.08	-0.03	0.02	0.08	0.14	0.20	0.25	0.30	0.34	0.37	0.39	0.40	0.40	0.39	0.37	0.34	0.30	0.25	0.20	0.15	0.10	0.05	0.00	-0.04	-0.08	-0.11	-0.13	-0.15	-0.16	-0.16	
Q80XU3_159-210	0.79	0.78	0.76	0.72	0.68	0.63	0.57	0.51	0.44	0.37	0.30	0.22	0.15	0.08	0.01	-0.05	-0.11	-0.16	-0.20	-0.23	-0.26	-0.28	-0.29	-0.29	-0.29	-0.29	-0.27	-0.26	-0.24	-0.22	-0.20	-0.18	-0.16	-0.13	-0.12	-0.10	-0.09	-0.07	-0.07	-0.06	-0.05	-0.05	-0.05	-0.05	-0.05	-0.06	-0.06	-0.06	-0.06	-0.06	-0.06	-0.06	
Q80XU3_159-210	1.87	1.84	1.78	1.70	1.59	1.45	1.30	1.13	0.95	0.77	0.59	0.41	0.24	0.08	-0.06	-0.19	-0.29	-0.37	-0.43	-0.47	-0.48	-0.47	-0.45	-0.40	-0.35	-0.28	-0.20	-0.13	-0.05	0.03	0.10	0.16	0.21	0.25	0.28	0.30	0.30	0.29	0.27	0.24	0.21	0.16	0.12	0.07	0.02	-0.03	-0.07	-0.10	-0.13	-0.15	-0.16	-0.17	
Q80XU3_176-227	1.32	1.29	1.25	1.19	1.11	1.01	0.89	0.77	0.64	0.51	0.37	0.24	0.11	-0.01	-0.11	-0.21	-0.28	-0.35	-0.39	-0.42	-0.44	-0.44	-0.42	-0.39	-0.35	-0.31	-0.25	-0.20	-0.14	-0.09	-0.03	0.02	0.06	0.09	0.12	0.14	0.15	0.15	0.14	0.13	0.11	0.09	0.06	0.03	0.01	-0.02	-0.05	-0.07	-0.09	-0.10	-0.11	-0.12	
Q80XU3_176-227	1.26	1.24	1.19	1.13	1.05	0.96	0.85	0.73	0.60	0.47	0.34	0.21	0.09	-0.02	-0.13	-0.22	-0.29	-0.35	-0.39	-0.42	-0.43	-0.43	-0.41	-0.38	-0.34	-0.30	-0.24	-0.19	-0.13	-0.07	-0.02	0.03	0.07	0.11	0.13	0.15	0.16	0.16	0.16	0.15	0.13	0.11	0.08	0.05	0.03	0.00	-0.02	-0.05	-0.07	-0.08	-0.09	-0.10	
Q80XU3_176-227	0.67	0.66	0.65	0.62	0.59	0.56	0.52	0.48	0.43	0.38	0.33	0.28	0.24	0.19	0.15	0.12	0.08	0.06	0.03	0.02	0.01	-0.00	-0.00	-0.00	0.00	0.01	0.02	0.02	0.03	0.04	0.05	0.06	0.06	0.06	0.06	0.06	0.05	0.04	0.03	0.02	0.01	-0.00	-0.02	-0.03	-0.04	-0.05	-0.06	-0.07	-0.07	-0.07	-0.07	-0.07	
Q80XU3_176-227	0.71	0.71	0.69	0.67	0.64	0.61	0.57	0.53	0.49	0.44	0.40	0.35	0.30	0.26	0.22	0.18	0.14	0.11	0.09	0.07	0.05	0.04	0.03	0.03	0.02	0.02	0.03	0.03	0.04	0.04	0.04	0.05	0.05	0.05	0.05	0.04	0.03	0.03	0.02	0.01	-0.01	-0.02	-0.03	-0.04	-0.06	-0.07	-0.08	-0.08	-0.09	-0.09	-0.09	-0.09	
Q80XU3_176-227	1.50	1.48	1.43	1.36	1.26	1.15	1.02	0.88	0.73	0.58	0.43	0.28	0.14	0.01	-0.11	-0.22	-0.30	-0.37	-0.42	-0.45	-0.46	-0.45	-0.43	-0.39	-0.34	-0.29	-0.23	-0.16	-0.10	-0.04	0.02	0.07	0.11	0.14	0.16	0.17	0.17	0.16	0.14	0.11	0.07	0.03	-0.01	-0.05	-0.09	-0.13	-0.16	-0.19	-0.21	-0.23	-0.23	-0.23	
Q80XU3_176-227	1.45	1.43	1.38	1.31	1.22	1.12	1.00	0.87	0.73	0.59	0.44	0.30	0.17	0.05	-0.07	-0.16	-0.25	-0.31	-0.36	-0.39	-0.40	-0.39	-0.37	-0.34	-0.30	-0.25	-0.19	-0.13	-0.07	-0.02	0.03	0.08	0.11	0.14	0.16	0.17	0.16	0.15	0.13	0.10	0.07	0.03	-0.01	-0.06	-0.10	-0.13	-0.16	-0.19	-0.21	-0.22	-0.22	-0.22	
Q80XU3_176-227	1.58	1.55	1.50	1.42	1.32	1.19	1.05	0.90	0.73	0.57	0.40	0.23	0.08	-0.07	-0.20	-0.31	-0.41	-0.48	-0.53	-0.57	-0.58	-0.57	-0.54	-0.50	-0.44	-0.38	-0.31	-0.24	-0.16	-0.09	-0.02	0.04	0.09	0.13	0.16	0.18	0.18	0.18	0.16	0.14	0.11	0.07	0.04	-0.00	-0.04	-0.08	-0.11	-0.14	-0.16	-0.17	-0.18	-0.18	
Q80XU3_176-227	1.13	1.11	1.07	1.01	0.93	0.83	0.72	0.60	0.47	0.34	0.21	0.09	-0.04	-0.15	-0.25	-0.34	-0.41	-0.47	-0.51	-0.53	-0.54	-0.53	-0.51	-0.48	-0.44	-0.39	-0.33	-0.27	-0.21	-0.15	-0.10	-0.04	-0.00	0.04	0.06	0.08	0.09	0.10	0.09	0.08	0.06	0.04	0.02	-0.01	-0.03	-0.06	-0.08	-0.10	-0.11	-0.12	-0.12	-0.13	
Q80XU3_176-227	0.81	0.80	0.78	0.75	0.71	0.67	0.62	0.56	0.50	0.44	0.38	0.32	0.26	0.21	0.16	0.11	0.07	0.04	0.02	-0.00	-0.01	-0.02	-0.02	-0.01	0.00	0.01	0.03	0.05	0.06	0.08	0.09	0.11	0.12	0.12	0.12	0.12	0.12	0.11	0.10	0.08	0.06	0.04	0.02	0.00	-0.02	-0.03	-0.05	-0.07	-0.08	-0.09	-0.09	-0.09	
Q80XU3_176-227	1.96	1.93	1.86	1.77	1.65	1.51	1.35	1.18	0.99	0.80	0.60	0.42	0.23	0.07	-0.09	-0.22	-0.33	-0.42	-0.48	-0.52	-0.54	-0.54	-0.52	-0.48	-0.42	-0.36	-0.28	-0.21	-0.13	-0.06	0.01	0.07	0.12	0.16	0.19	0.20	0.20	0.19	0.16	0.13	0.09	0.05	-0.00	-0.05	-0.10	-0.14	-0.18	-0.22	-0.24	-0.26	-0.26	-0.26	
Q80XU3_184-235	1.37	1.35	1.31	1.25	1.17	1.07	0.96	0.84	0.72	0.59	0.45	0.32	0.20	0.08	-0.03	-0.12	-0.20	-0.27	-0.32	-0.35	-0.37	-0.38	-0.37	-0.35	-0.31	-0.28	-0.23	-0.18	-0.13	-0.09	-0.04	-0.00	0.04	0.06	0.08	0.10	0.10	0.10	0.09	0.08	0.06	0.04	0.01	-0.01	-0.04	-0.06	-0.08	-0.09	-0.10	-0.11	-0.11	-0.10	
Q80XU3_184-235	1.32	1.30	1.26	1.19	1.12	1.02	0.92	0.80	0.67	0.54	0.42	0.29	0.17	0.05	-0.05	-0.15	-0.22	-0.29	-0.33	-0.37	-0.38	-0.39	-0.38	-0.35	-0.32	-0.28	-0.24	-0.19	-0.14	-0.09	-0.05	-0.01	0.03	0.05	0.08	0.09	0.09	0.09	0.08	0.07	0.05	0.03	0.01	-0.02	-0.04	-0.06	-0.08	-0.09	-0.10	-0.10	-0.10	-0.09	
Q80XU3_184-235	0.56	0.55	0.54	0.52	0.49	0.45	0.42	0.37	0.33	0.28	0.24	0.19	0.15	0.11	0.07	0.04	0.01	-0.01	-0.03	-0.04	-0.05	-0.05	-0.04	-0.04	-0.03	-0.01	0.00	0.02	0.03	0.05	0.06	0.07	0.08	0.08	0.09	0.09	0.08	0.08	0.07	0.05	0.04	0.02	0.01	-0.01	-0.03	-0.04	-0.06	-0.07	-0.08	-0.09	-0.09	-0.10	
Q80XU3_184-235	0.58	0.57	0.56	0.54	0.51	0.48	0.45	0.41	0.37	0.33	0.28	0.24	0.20	0.16	0.13	0.09	0.07	0.04	0.03	0.01	0.00	0.00	0.00	0.00	0.01	0.02	0.03	0.04	0.06	0.07	0.08	0.09	0.09	0.10	0.10	0.10	0.09	0.08	0.07	0.06	0.05	0.03	0.02	0.00	-0.02	-0.03	-0.05	-0.06	-0.07	-0.08	-0.09	-0.09	
Q80XU3_184-235	1.59	1.56	1.51	1.44	1.34	1.23	1.10	0.96	0.81	0.66	0.50	0.35	0.20	0.07	-0.05	-0.16	-0.25	-0.32	-0.38	-0.41	-0.42	-0.42	-0.40	-0.37	-0.32	-0.27	-0.21	-0.14	-0.08	-0.01	0.04	0.10	0.14	0.18	0.20	0.22	0.22	0.21	0.20	0.17	0.14	0.11	0.07	0.03	-0.02	-0.06	-0.09	-0.12	-0.15	-0.17	-0.18	-0.18	
Q80XU3_184-235	1.54	1.51	1.46	1.39	1.29	1.18	1.05	0.91	0.76	0.61	0.45	0.31	0.16	0.03	-0.09	-0.19	-0.27	-0.34	-0.39	-0.41	-0.42	-0.41	-0.38	-0.34	-0.29	-0.24	-0.17	-0.11	-0.04	0.02	0.08	0.13	0.17	0.20	0.22	0.23	0.23	0.21	0.19	0.16	0.12	0.08	0.03	-0.01	-0.06	-0.10	-0.14	-0.17	-0.20	-0.22	-0.23	-0.23	
Q80XU3_184-235	1.74	1.71	1.65	1.57	1.46	1.33	1.18	1.02	0.85	0.68	0.50	0.33	0.17	0.02	-0.12	-0.24	-0.34	-0.42	-0.47	-0.51	-0.52	-0.52	-0.49	-0.45	-0.40	-0.34	-0.27	-0.20	-0.13	-0.06	0.01	0.06	0.11	0.14	0.17	0.18	0.18	0.17	0.15	0.12	0.09	0.05	0.00	-0.04	-0.08	-0.12	-0.15	-0.17	-0.19	-0.20	-0.20	-0.20	
Q80XU3_184-235	1.32	1.30	1.26	1.19	1.11	1.01	0.90	0.78	0.66	0.52	0.39	0.26	0.14	0.02	-0.08	-0.17	-0.25	-0.31	-0.36	-0.39	-0.40	-0.40	-0.38	-0.36	-0.32	-0.28	-0.24	-0.19	-0.14	-0.09	-0.04	-0.00	0.03	0.05	0.07	0.08	0.08	0.08	0.07	0.05	0.03	0.01	-0.02	-0.04	-0.06	-0.08	-0.10	-0.11	-0.11	-0.11	-0.11	-0.10	
Q80XU3_184-235	0.69	0.68	0.66	0.63	0.60	0.55	0.50	0.44	0.38	0.32	0.26	0.20	0.14	0.08	0.04	-0.01	-0.04	-0.07	-0.09	-0.11	-0.11	-0.11	-0.10	-0.09	-0.07	-0.05	-0.03	-0.00	0.02	0.05	0.07	0.09	0.11	0.12	0.13	0.13	0.13	0.12	0.11	0.10	0.08	0.06	0.04	0.02	0.00	-0.02	-0.04	-0.05	-0.07	-0.08	-0.08	-0.09	
Q80XU3_184-235	2.05	2.02	1.96	1.86	1.74	1.59	1.43	1.25	1.05	0.86	0.66	0.46	0.28	0.10	-0.05	-0.19	-0.30	-0.39	-0.46	-0.50	-0.52	-0.51	-0.49	-0.44	-0.38	-0.32	-0.24	-0.16	-0.08	0.00	0.07	0.14	0.19	0.23	0.26	0.27	0.27	0.25	0.23	0.19	0.15	0.10	0.05	-0.01	-0.06	-0.11	-0.15	-0.19	-0.22	-0.24	-0.25	-0.25	
