Q8K3P0_1-52	1.44	1.42	1.38	1.31	1.23	1.14	1.03	0.91	0.79	0.66	0.53	0.41	0.29	0.18	0.08	-0.01	-0.08	-0.13	-0.17	-0.19	-0.20	-0.19	-0.17	-0.14	-0.10	-0.06	-0.01	0.04	0.08	0.13	0.17	0.20	0.22	0.23	0.24	0.23	0.22	0.19	0.16	0.12	0.08	0.04	-0.01	-0.05	-0.10	-0.13	-0.16	-0.19	-0.21	-0.21	-0.21	-0.21	
Q8K3P0_1-52	1.26	1.25	1.21	1.15	1.08	1.00	0.90	0.79	0.68	0.57	0.46	0.34	0.24	0.14	0.06	-0.01	-0.07	-0.12	-0.15	-0.17	-0.17	-0.16	-0.14	-0.11	-0.07	-0.03	0.02	0.06	0.11	0.15	0.18	0.21	0.23	0.24	0.25	0.24	0.22	0.20	0.17	0.13	0.09	0.05	0.01	-0.03	-0.07	-0.10	-0.13	-0.15	-0.16	-0.17	-0.16	-0.15	
Q8K3P0_1-52	1.08	1.07	1.04	0.99	0.93	0.86	0.78	0.69	0.60	0.50	0.40	0.30	0.21	0.12	0.03	-0.04	-0.10	-0.16	-0.20	-0.23	-0.25	-0.26	-0.25	-0.24	-0.23	-0.20	-0.17	-0.14	-0.10	-0.07	-0.04	-0.01	0.02	0.04	0.06	0.07	0.07	0.07	0.07	0.06	0.05	0.03	0.01	-0.01	-0.03	-0.04	-0.06	-0.07	-0.08	-0.09	-0.09	-0.09	
Q8K3P0_1-52	1.32	1.30	1.26	1.21	1.13	1.05	0.95	0.84	0.73	0.61	0.49	0.37	0.26	0.15	0.05	-0.04	-0.12	-0.18	-0.23	-0.27	-0.29	-0.30	-0.30	-0.28	-0.26	-0.23	-0.19	-0.15	-0.11	-0.07	-0.03	0.01	0.04	0.06	0.08	0.10	0.10	0.10	0.09	0.08	0.06	0.04	0.01	-0.01	-0.04	-0.07	-0.09	-0.11	-0.13	-0.14	-0.15	-0.15	
Q8K3P0_1-52	1.16	1.14	1.10	1.04	0.97	0.88	0.78	0.67	0.56	0.44	0.32	0.20	0.09	-0.02	-0.11	-0.20	-0.27	-0.32	-0.36	-0.39	-0.40	-0.40	-0.38	-0.36	-0.32	-0.28	-0.23	-0.18	-0.13	-0.09	-0.04	0.00	0.04	0.07	0.09	0.10	0.11	0.11	0.10	0.08	0.06	0.04	0.01	-0.02	-0.04	-0.07	-0.10	-0.12	-0.13	-0.15	-0.16	-0.16	
Q8K3P0_1-52	1.16	1.14	1.10	1.05	0.98	0.89	0.79	0.69	0.57	0.45	0.33	0.22	0.10	-0.00	-0.10	-0.18	-0.26	-0.32	-0.36	-0.39	-0.41	-0.41	-0.40	-0.38	-0.35	-0.32	-0.27	-0.23	-0.18	-0.13	-0.08	-0.04	-0.00	0.03	0.05	0.07	0.08	0.08	0.08	0.07	0.06	0.04	0.02	-0.01	-0.03	-0.05	-0.08	-0.10	-0.12	-0.13	-0.14	-0.15	
Q8K3P0_1-52	1.04	1.02	0.98	0.93	0.87	0.79	0.70	0.60	0.49	0.39	0.28	0.18	0.08	-0.01	-0.09	-0.16	-0.22	-0.26	-0.30	-0.31	-0.32	-0.31	-0.29	-0.26	-0.23	-0.19	-0.15	-0.10	-0.06	-0.02	0.02	0.05	0.07	0.09	0.09	0.09	0.09	0.08	0.06	0.03	0.01	-0.02	-0.05	-0.08	-0.10	-0.13	-0.15	-0.16	-0.17	-0.17	-0.16	-0.15	
Q8K3P0_1-52	0.59	0.58	0.56	0.53	0.48	0.43	0.38	0.31	0.25	0.18	0.12	0.06	0.00	-0.05	-0.09	-0.13	-0.15	-0.17	-0.18	-0.18	-0.17	-0.16	-0.14	-0.11	-0.08	-0.06	-0.03	-0.00	0.02	0.04	0.05	0.06	0.06	0.06	0.04	0.03	0.01	-0.02	-0.04	-0.07	-0.10	-0.13	-0.15	-0.17	-0.19	-0.20	-0.21	-0.21	-0.20	-0.19	-0.17	-0.14	
Q8K3P0_1-52	1.29	1.27	1.24	1.18	1.11	1.03	0.93	0.83	0.72	0.60	0.48	0.37	0.25	0.15	0.05	-0.04	-0.11	-0.18	-0.23	-0.26	-0.28	-0.29	-0.28	-0.27	-0.24	-0.20	-0.16	-0.12	-0.07	-0.02	0.03	0.07	0.11	0.15	0.18	0.20	0.21	0.22	0.22	0.21	0.20	0.18	0.15	0.13	0.10	0.07	0.04	0.01	-0.01	-0.03	-0.05	-0.06	
Q8K3P0_1-52	1.46	1.43	1.38	1.31	1.22	1.11	0.99	0.86	0.72	0.57	0.42	0.28	0.15	0.02	-0.09	-0.19	-0.27	-0.33	-0.38	-0.41	-0.41	-0.40	-0.38	-0.35	-0.30	-0.24	-0.18	-0.12	-0.06	-0.00	0.05	0.10	0.14	0.17	0.19	0.20	0.19	0.18	0.16	0.14	0.11	0.07	0.03	-0.01	-0.05	-0.08	-0.11	-0.14	-0.16	-0.17	-0.17	-0.17	
Q8K3P0_13-64	1.44	1.41	1.36	1.29	1.20	1.09	0.96	0.82	0.68	0.53	0.38	0.24	0.10	-0.02	-0.13	-0.23	-0.31	-0.36	-0.40	-0.42	-0.42	-0.40	-0.36	-0.32	-0.26	-0.19	-0.12	-0.04	0.03	0.10	0.16	0.22	0.26	0.30	0.32	0.33	0.32	0.31	0.28	0.25	0.21	0.16	0.11	0.06	0.01	-0.04	-0.08	-0.12	-0.15	-0.18	-0.19	-0.20	
Q8K3P0_13-64	1.27	1.24	1.20	1.13	1.05	0.95	0.84	0.71	0.58	0.45	0.32	0.19	0.06	-0.05	-0.15	-0.23	-0.30	-0.35	-0.39	-0.40	-0.40	-0.38	-0.35	-0.30	-0.25	-0.18	-0.12	-0.05	0.02	0.08	0.14	0.19	0.23	0.27	0.29	0.29	0.29	0.28	0.26	0.23	0.19	0.15	0.10	0.05	0.01	-0.04	-0.08	-0.12	-0.15	-0.17	-0.19	-0.19	
Q8K3P0_13-64	1.06	1.05	1.02	0.98	0.92	0.85	0.77	0.69	0.60	0.50	0.41	0.31	0.22	0.13	0.05	-0.02	-0.08	-0.13	-0.17	-0.20	-0.22	-0.23	-0.23	-0.22	-0.20	-0.17	-0.14	-0.11	-0.08	-0.04	-0.01	0.02	0.05	0.07	0.09	0.10	0.11	0.11	0.10	0.09	0.07	0.05	0.03	0.01	-0.02	-0.04	-0.07	-0.09	-0.11	-0.13	-0.14	-0.15	
Q8K3P0_13-64	1.29	1.27	1.23	1.18	1.11	1.03	0.93	0.83	0.72	0.60	0.49	0.37	0.26	0.15	0.06	-0.03	-0.10	-0.16	-0.21	-0.24	-0.26	-0.27	-0.27	-0.25	-0.23	-0.20	-0.16	-0.12	-0.08	-0.04	0.00	0.04	0.07	0.10	0.12	0.13	0.13	0.13	0.13	0.11	0.09	0.07	0.05	0.02	-0.01	-0.04	-0.06	-0.08	-0.10	-0.12	-0.13	-0.14	
Q8K3P0_13-64	1.20	1.19	1.15	1.10	1.03	0.95	0.86	0.76	0.65	0.54	0.43	0.32	0.22	0.12	0.03	-0.05	-0.12	-0.18	-0.22	-0.25	-0.27	-0.27	-0.26	-0.25	-0.23	-0.20	-0.16	-0.13	-0.09	-0.06	-0.02	0.01	0.03	0.05	0.06	0.07	0.07	0.06	0.05	0.04	0.02	0.00	-0.02	-0.04	-0.06	-0.07	-0.08	-0.09	-0.10	-0.10	-0.09	-0.08	
Q8K3P0_13-64	1.16	1.14	1.11	1.07	1.01	0.93	0.85	0.76	0.67	0.57	0.47	0.37	0.27	0.18	0.09	0.02	-0.05	-0.10	-0.15	-0.18	-0.21	-0.22	-0.23	-0.22	-0.21	-0.19	-0.17	-0.15	-0.12	-0.09	-0.07	-0.05	-0.03	-0.01	-0.00	0.00	0.01	0.00	-0.00	-0.01	-0.02	-0.03	-0.04	-0.05	-0.06	-0.07	-0.08	-0.08	-0.08	-0.07	-0.07	-0.05	
Q8K3P0_13-64	1.08	1.06	1.03	0.98	0.91	0.84	0.75	0.65	0.55	0.44	0.34	0.24	0.14	0.05	-0.03	-0.10	-0.16	-0.20	-0.23	-0.25	-0.26	-0.25	-0.24	-0.21	-0.18	-0.14	-0.10	-0.06	-0.02	0.02	0.05	0.08	0.10	0.12	0.13	0.13	0.12	0.11	0.09	0.07	0.05	0.02	-0.01	-0.03	-0.06	-0.08	-0.09	-0.11	-0.12	-0.12	-0.12	-0.11	
Q8K3P0_13-64	0.57	0.56	0.54	0.51	0.48	0.44	0.40	0.35	0.30	0.24	0.19	0.14	0.09	0.04	-0.00	-0.04	-0.07	-0.10	-0.12	-0.13	-0.13	-0.13	-0.13	-0.11	-0.10	-0.08	-0.05	-0.03	-0.00	0.02	0.05	0.07	0.09	0.10	0.11	0.12	0.13	0.13	0.12	0.12	0.10	0.09	0.07	0.06	0.04	0.02	0.00	-0.02	-0.04	-0.05	-0.06	-0.08	
Q8K3P0_13-64	1.31	1.29	1.25	1.19	1.11	1.02	0.92	0.81	0.69	0.56	0.44	0.31	0.19	0.08	-0.02	-0.11	-0.19	-0.26	-0.31	-0.34	-0.36	-0.37	-0.36	-0.34	-0.31	-0.27	-0.23	-0.18	-0.13	-0.08	-0.03	0.02	0.06	0.09	0.11	0.13	0.14	0.14	0.13	0.12	0.10	0.07	0.04	0.01	-0.02	-0.06	-0.09	-0.12	-0.14	-0.16	-0.18	-0.18	
Q8K3P0_13-64	1.56	1.53	1.48	1.41	1.31	1.19	1.05	0.91	0.75	0.60	0.44	0.28	0.14	0.00	-0.12	-0.22	-0.30	-0.37	-0.41	-0.43	-0.44	-0.42	-0.39	-0.35	-0.30	-0.24	-0.17	-0.10	-0.04	0.02	0.08	0.12	0.16	0.18	0.20	0.20	0.19	0.17	0.14	0.11	0.07	0.03	-0.02	-0.06	-0.10	-0.13	-0.16	-0.18	-0.19	-0.20	-0.19	-0.18	
Q8K3P0_26-77	1.44	1.42	1.37	1.30	1.21	1.11	0.98	0.85	0.71	0.56	0.41	0.27	0.13	-0.00	-0.12	-0.23	-0.32	-0.39	-0.45	-0.49	-0.51	-0.51	-0.50	-0.48	-0.44	-0.39	-0.34	-0.28	-0.22	-0.16	-0.10	-0.05	-0.00	0.04	0.07	0.09	0.11	0.12	0.12	0.11	0.09	0.07	0.05	0.03	0.00	-0.02	-0.04	-0.06	-0.08	-0.09	-0.10	-0.10	
Q8K3P0_26-77	1.29	1.27	1.23	1.17	1.09	0.99	0.88	0.76	0.63	0.50	0.36	0.23	0.10	-0.02	-0.13	-0.22	-0.31	-0.37	-0.43	-0.46	-0.48	-0.48	-0.47	-0.45	-0.42	-0.37	-0.32	-0.27	-0.21	-0.16	-0.10	-0.05	-0.01	0.03	0.06	0.08	0.10	0.11	0.11	0.10	0.09	0.07	0.05	0.03	0.01	-0.01	-0.04	-0.05	-0.07	-0.08	-0.08	-0.09	
Q8K3P0_26-77	1.07	1.05	1.02	0.97	0.91	0.84	0.76	0.67	0.58	0.48	0.38	0.29	0.20	0.11	0.04	-0.03	-0.08	-0.12	-0.16	-0.18	-0.18	-0.18	-0.17	-0.15	-0.13	-0.10	-0.06	-0.03	0.00	0.04	0.06	0.09	0.11	0.12	0.12	0.13	0.12	0.11	0.09	0.07	0.05	0.03	0.01	-0.01	-0.03	-0.05	-0.06	-0.07	-0.07	-0.07	-0.06	-0.05	
Q8K3P0_26-77	1.30	1.28	1.24	1.18	1.11	1.02	0.92	0.81	0.69	0.57	0.45	0.33	0.22	0.12	0.03	-0.05	-0.12	-0.17	-0.21	-0.23	-0.24	-0.23	-0.22	-0.19	-0.16	-0.12	-0.08	-0.03	0.01	0.05	0.09	0.12	0.14	0.15	0.16	0.16	0.15	0.13	0.11	0.09	0.06	0.02	-0.01	-0.04	-0.07	-0.09	-0.11	-0.12	-0.13	-0.13	-0.12	-0.11	
Q8K3P0_26-77	1.16	1.14	1.11	1.06	0.99	0.92	0.83	0.74	0.64	0.53	0.43	0.32	0.22	0.13	0.04	-0.04	-0.10	-0.16	-0.20	-0.23	-0.25	-0.25	-0.25	-0.23	-0.21	-0.18	-0.14	-0.10	-0.06	-0.02	0.01	0.05	0.08	0.10	0.12	0.13	0.13	0.12	0.11	0.10	0.07	0.05	0.02	-0.01	-0.04	-0.08	-0.11	-0.13	-0.16	-0.18	-0.19	-0.21	
Q8K3P0_26-77	1.11	1.09	1.06	1.02	0.96	0.89	0.81	0.72	0.62	0.53	0.43	0.33	0.24	0.16	0.08	0.01	-0.05	-0.10	-0.13	-0.16	-0.17	-0.17	-0.16	-0.14	-0.12	-0.09	-0.05	-0.02	0.02	0.05	0.08	0.11	0.13	0.15	0.16	0.16	0.16	0.14	0.12	0.10	0.07	0.04	0.00	-0.04	-0.07	-0.11	-0.14	-0.17	-0.19	-0.21	-0.23	-0.24	
Q8K3P0_26-77	1.08	1.06	1.03	0.98	0.91	0.83	0.74	0.64	0.54	0.43	0.32	0.22	0.11	0.02	-0.07	-0.15	-0.21	-0.26	-0.30	-0.32	-0.34	-0.33	-0.32	-0.30	-0.26	-0.23	-0.18	-0.13	-0.08	-0.04	0.01	0.05	0.09	0.12	0.14	0.15	0.16	0.15	0.14	0.12	0.10	0.07	0.04	0.01	-0.03	-0.07	-0.10	-0.13	-0.16	-0.18	-0.19	-0.21	
Q8K3P0_26-77	0.56	0.55	0.54	0.51	0.48	0.44	0.39	0.34	0.28	0.23	0.17	0.11	0.06	0.00	-0.05	-0.09	-0.13	-0.16	-0.19	-0.20	-0.22	-0.22	-0.22	-0.21	-0.20	-0.18	-0.16	-0.14	-0.11	-0.09	-0.06	-0.04	-0.01	0.01	0.03	0.04	0.05	0.06	0.06	0.06	0.06	0.05	0.04	0.03	0.02	0.01	-0.01	-0.02	-0.03	-0.04	-0.05	-0.06	
Q8K3P0_26-77	1.31	1.29	1.25	1.20	1.13	1.04	0.95	0.84	0.73	0.61	0.50	0.38	0.27	0.17	0.07	-0.01	-0.09	-0.15	-0.19	-0.23	-0.25	-0.26	-0.25	-0.24	-0.22	-0.19	-0.16	-0.12	-0.09	-0.05	-0.02	0.01	0.04	0.06	0.07	0.08	0.08	0.08	0.07	0.06	0.05	0.03	0.01	-0.00	-0.02	-0.03	-0.05	-0.05	-0.06	-0.06	-0.06	-0.05	
Q8K3P0_26-77	1.56	1.54	1.49	1.42	1.33	1.22	1.09	0.95	0.80	0.65	0.50	0.35	0.20	0.06	-0.06	-0.17	-0.27	-0.34	-0.40	-0.44	-0.46	-0.46	-0.45	-0.42	-0.38	-0.33	-0.27	-0.21	-0.14	-0.08	-0.01	0.04	0.09	0.13	0.16	0.19	0.20	0.19	0.18	0.16	0.14	0.10	0.07	0.02	-0.02	-0.06	-0.10	-0.14	-0.17	-0.20	-0.22	-0.23	
Q8K3P0_38-89	1.58	1.55	1.51	1.44	1.35	1.24	1.11	0.98	0.83	0.69	0.54	0.39	0.25	0.12	0.01	-0.10	-0.18	-0.25	-0.31	-0.34	-0.36	-0.36	-0.34	-0.32	-0.28	-0.24	-0.19	-0.14	-0.09	-0.05	-0.00	0.03	0.06	0.08	0.09	0.10	0.09	0.07	0.05	0.02	-0.01	-0.04	-0.08	-0.11	-0.14	-0.17	-0.19	-0.21	-0.22	-0.22	-0.21	-0.20	
Q8K3P0_38-89	1.46	1.43	1.39	1.32	1.24	1.14	1.02	0.89	0.76	0.62	0.48	0.34	0.21	0.09	-0.02	-0.11	-0.19	-0.25	-0.30	-0.33	-0.34	-0.34	-0.33	-0.30	-0.26	-0.22	-0.18	-0.13	-0.08	-0.03	0.01	0.04	0.07	0.08	0.09	0.09	0.09	0.07	0.05	0.02	-0.01	-0.04	-0.08	-0.11	-0.14	-0.17	-0.19	-0.20	-0.21	-0.21	-0.21	-0.19	
Q8K3P0_38-89	1.01	1.00	0.97	0.92	0.86	0.79	0.71	0.63	0.54	0.44	0.34	0.25	0.16	0.07	-0.01	-0.07	-0.13	-0.18	-0.21	-0.24	-0.25	-0.25	-0.24	-0.22	-0.19	-0.16	-0.12	-0.08	-0.04	-0.00	0.04	0.07	0.10	0.13	0.14	0.15	0.16	0.16	0.15	0.13	0.11	0.08	0.05	0.02	-0.01	-0.04	-0.08	-0.11	-0.13	-0.15	-0.17	-0.18	
Q8K3P0_38-89	1.21	1.19	1.16	1.11	1.04	0.96	0.87	0.77	0.66	0.55	0.44	0.33	0.22	0.12	0.03	-0.06	-0.13	-0.19	-0.23	-0.27	-0.29	-0.29	-0.29	-0.27	-0.25	-0.21	-0.17	-0.13	-0.08	-0.03	0.02	0.06	0.10	0.13	0.16	0.18	0.19	0.20	0.20	0.18	0.17	0.14	0.12	0.08	0.05	0.02	-0.02	-0.05	-0.09	-0.12	-0.14	-0.16	
Q8K3P0_38-89	1.15	1.13	1.09	1.04	0.97	0.89	0.80	0.70	0.60	0.49	0.38	0.27	0.17	0.08	-0.01	-0.08	-0.14	-0.19	-0.23	-0.25	-0.26	-0.26	-0.24	-0.22	-0.19	-0.15	-0.11	-0.07	-0.03	0.01	0.05	0.08	0.10	0.12	0.13	0.13	0.13	0.12	0.10	0.08	0.06	0.03	0.01	-0.02	-0.04	-0.06	-0.08	-0.09	-0.09	-0.09	-0.09	-0.08	
Q8K3P0_38-89	1.03	1.01	0.98	0.93	0.87	0.80	0.72	0.63	0.54	0.44	0.34	0.24	0.15	0.06	-0.02	-0.09	-0.14	-0.19	-0.22	-0.25	-0.26	-0.26	-0.24	-0.22	-0.20	-0.16	-0.12	-0.08	-0.04	-0.00	0.04	0.07	0.10	0.13	0.14	0.15	0.16	0.16	0.15	0.14	0.12	0.10	0.08	0.06	0.03	0.01	-0.01	-0.03	-0.04	-0.05	-0.05	-0.05	
Q8K3P0_38-89	1.22	1.19	1.15	1.09	1.01	0.92	0.81	0.70	0.57	0.45	0.32	0.20	0.09	-0.02	-0.11	-0.19	-0.25	-0.30	-0.33	-0.35	-0.35	-0.33	-0.31	-0.27	-0.23	-0.18	-0.13	-0.08	-0.03	0.02	0.06	0.10	0.12	0.14	0.15	0.15	0.14	0.12	0.10	0.07	0.04	0.01	-0.02	-0.05	-0.08	-0.10	-0.12	-0.13	-0.13	-0.12	-0.11	-0.10	
Q8K3P0_38-89	0.75	0.74	0.71	0.67	0.61	0.55	0.48	0.40	0.31	0.23	0.15	0.07	-0.00	-0.07	-0.12	-0.17	-0.20	-0.22	-0.23	-0.23	-0.22	-0.20	-0.17	-0.14	-0.10	-0.06	-0.03	0.01	0.04	0.07	0.10	0.11	0.12	0.12	0.11	0.09	0.07	0.05	0.02	-0.02	-0.05	-0.08	-0.11	-0.14	-0.16	-0.18	-0.19	-0.19	-0.19	-0.17	-0.16	-0.13	
Q8K3P0_38-89	1.20	1.19	1.15	1.11	1.05	0.97	0.89	0.80	0.70	0.59	0.49	0.39	0.29	0.19	0.10	0.02	-0.05	-0.11	-0.16	-0.19	-0.22	-0.23	-0.23	-0.22	-0.20	-0.18	-0.15	-0.12	-0.08	-0.05	-0.01	0.02	0.05	0.08	0.09	0.11	0.11	0.11	0.11	0.09	0.07	0.05	0.02	-0.00	-0.04	-0.07	-0.10	-0.12	-0.15	-0.17	-0.19	-0.20	
Q8K3P0_38-89	1.62	1.59	1.54	1.47	1.37	1.26	1.13	0.99	0.84	0.68	0.52	0.37	0.23	0.09	-0.03	-0.14	-0.23	-0.30	-0.36	-0.39	-0.41	-0.41	-0.39	-0.36	-0.32	-0.27	-0.22	-0.16	-0.11	-0.05	-0.01	0.04	0.07	0.10	0.11	0.12	0.11	0.10	0.08	0.06	0.03	-0.00	-0.04	-0.07	-0.10	-0.12	-0.14	-0.16	-0.16	-0.16	-0.15	-0.14	
Q8K3P0_51-102	1.55	1.53	1.48	1.42	1.33	1.23	1.12	1.00	0.86	0.72	0.58	0.44	0.31	0.18	0.07	-0.04	-0.13	-0.20	-0.26	-0.30	-0.32	-0.33	-0.32	-0.30	-0.26	-0.22	-0.17	-0.12	-0.06	-0.00	0.05	0.10	0.15	0.19	0.22	0.24	0.25	0.25	0.24	0.23	0.20	0.17	0.14	0.10	0.05	0.01	-0.03	-0.07	-0.11	-0.14	-0.16	-0.18	
Q8K3P0_51-102	1.42	1.40	1.36	1.30	1.23	1.14	1.03	0.92	0.79	0.67	0.54	0.41	0.29	0.17	0.06	-0.03	-0.12	-0.18	-0.24	-0.27	-0.30	-0.30	-0.30	-0.28	-0.25	-0.21	-0.17	-0.12	-0.07	-0.01	0.04	0.09	0.13	0.16	0.19	0.21	0.22	0.23	0.22	0.21	0.19	0.16	0.13	0.09	0.06	0.02	-0.02	-0.06	-0.09	-0.12	-0.14	-0.16	
Q8K3P0_51-102	1.01	1.00	0.97	0.92	0.86	0.80	0.72	0.63	0.54	0.45	0.35	0.26	0.17	0.08	0.00	-0.07	-0.13	-0.18	-0.22	-0.24	-0.26	-0.26	-0.26	-0.25	-0.23	-0.20	-0.17	-0.13	-0.09	-0.06	-0.02	0.01	0.04	0.07	0.09	0.10	0.11	0.11	0.11	0.11	0.09	0.08	0.06	0.05	0.03	0.01	-0.00	-0.02	-0.03	-0.04	-0.04	-0.04	
Q8K3P0_51-102	1.22	1.20	1.17	1.11	1.05	0.96	0.87	0.77	0.66	0.54	0.43	0.31	0.20	0.10	0.01	-0.08	-0.15	-0.21	-0.25	-0.29	-0.30	-0.31	-0.30	-0.29	-0.26	-0.23	-0.19	-0.15	-0.11	-0.06	-0.02	0.01	0.04	0.07	0.09	0.10	0.11	0.11	0.10	0.09	0.07	0.05	0.03	0.01	-0.01	-0.04	-0.05	-0.07	-0.08	-0.09	-0.09	-0.09	
Q8K3P0_51-102	1.16	1.14	1.10	1.04	0.97	0.89	0.79	0.68	0.57	0.45	0.34	0.22	0.12	0.02	-0.06	-0.14	-0.20	-0.24	-0.27	-0.29	-0.29	-0.28	-0.26	-0.23	-0.19	-0.15	-0.10	-0.05	-0.01	0.03	0.07	0.10	0.12	0.14	0.14	0.14	0.13	0.11	0.09	0.06	0.02	-0.01	-0.04	-0.08	-0.11	-0.14	-0.16	-0.17	-0.19	-0.19	-0.19	-0.18	
Q8K3P0_51-102	1.07	1.05	1.01	0.96	0.89	0.80	0.71	0.61	0.50	0.39	0.28	0.17	0.07	-0.02	-0.10	-0.17	-0.23	-0.27	-0.30	-0.31	-0.32	-0.31	-0.28	-0.25	-0.22	-0.18	-0.13	-0.09	-0.05	-0.01	0.03	0.05	0.07	0.09	0.09	0.09	0.07	0.06	0.03	0.00	-0.03	-0.06	-0.09	-0.12	-0.15	-0.17	-0.19	-0.20	-0.21	-0.20	-0.20	-0.18	
Q8K3P0_51-102	1.26	1.24	1.20	1.13	1.06	0.96	0.85	0.74	0.61	0.48	0.36	0.23	0.11	0.00	-0.10	-0.18	-0.25	-0.31	-0.35	-0.37	-0.38	-0.37	-0.35	-0.32	-0.28	-0.23	-0.18	-0.12	-0.07	-0.02	0.03	0.07	0.11	0.13	0.15	0.16	0.16	0.14	0.12	0.10	0.07	0.03	-0.01	-0.05	-0.08	-0.12	-0.15	-0.18	-0.21	-0.22	-0.23	-0.24	
Q8K3P0_51-102	0.71	0.70	0.68	0.64	0.60	0.55	0.49	0.42	0.36	0.28	0.21	0.14	0.07	0.01	-0.05	-0.10	-0.14	-0.18	-0.20	-0.22	-0.23	-0.23	-0.22	-0.20	-0.18	-0.15	-0.12	-0.09	-0.06	-0.02	0.01	0.04	0.06	0.09	0.10	0.12	0.12	0.12	0.12	0.11	0.10	0.08	0.06	0.04	0.02	-0.01	-0.03	-0.05	-0.07	-0.09	-0.11	-0.12	
Q8K3P0_51-102	1.15	1.14	1.10	1.06	1.00	0.93	0.85	0.76	0.66	0.56	0.46	0.36	0.27	0.18	0.09	0.02	-0.04	-0.10	-0.14	-0.17	-0.19	-0.19	-0.19	-0.18	-0.16	-0.14	-0.11	-0.07	-0.04	-0.00	0.03	0.06	0.09	0.11	0.13	0.14	0.14	0.14	0.14	0.13	0.12	0.11	0.09	0.07	0.06	0.04	0.02	0.01	0.00	-0.00	-0.01	-0.01	
Q8K3P0_51-102	1.72	1.69	1.64	1.55	1.45	1.32	1.17	1.01	0.84	0.67	0.50	0.33	0.17	0.02	-0.11	-0.22	-0.31	-0.38	-0.43	-0.45	-0.46	-0.44	-0.41	-0.36	-0.30	-0.23	-0.16	-0.08	-0.01	0.06	0.12	0.18	0.22	0.25	0.26	0.26	0.25	0.23	0.19	0.15	0.10	0.04	-0.01	-0.07	-0.13	-0.18	-0.23	-0.26	-0.29	-0.32	-0.33	-0.33	
Q8K3P0_63-114	1.48	1.46	1.41	1.35	1.27	1.17	1.06	0.93	0.80	0.66	0.53	0.39	0.26	0.13	0.02	-0.08	-0.17	-0.24	-0.30	-0.34	-0.37	-0.38	-0.37	-0.35	-0.33	-0.29	-0.25	-0.20	-0.15	-0.10	-0.05	-0.01	0.03	0.06	0.09	0.11	0.12	0.12	0.12	0.11	0.09	0.08	0.05	0.03	0.01	-0.01	-0.03	-0.05	-0.07	-0.08	-0.08	-0.08	
Q8K3P0_63-114	1.36	1.34	1.30	1.24	1.16	1.07	0.97	0.86	0.74	0.62	0.49	0.37	0.25	0.13	0.03	-0.06	-0.15	-0.21	-0.27	-0.30	-0.33	-0.34	-0.34	-0.32	-0.30	-0.27	-0.23	-0.19	-0.15	-0.10	-0.06	-0.02	0.01	0.04	0.07	0.08	0.09	0.10	0.10	0.09	0.08	0.06	0.04	0.02	0.00	-0.02	-0.03	-0.05	-0.06	-0.07	-0.07	-0.07	
Q8K3P0_63-114	1.07	1.05	1.02	0.97	0.91	0.83	0.75	0.65	0.56	0.46	0.35	0.25	0.16	0.07	-0.01	-0.08	-0.14	-0.19	-0.22	-0.24	-0.25	-0.25	-0.24	-0.22	-0.19	-0.16	-0.12	-0.08	-0.05	-0.01	0.02	0.05	0.08	0.09	0.10	0.11	0.10	0.09	0.08	0.06	0.04	0.01	-0.02	-0.05	-0.07	-0.10	-0.12	-0.14	-0.15	-0.16	-0.17	-0.17	
Q8K3P0_63-114	1.31	1.29	1.25	1.19	1.11	1.02	0.92	0.80	0.68	0.55	0.43	0.30	0.19	0.08	-0.02	-0.10	-0.18	-0.23	-0.27	-0.29	-0.30	-0.30	-0.28	-0.25	-0.21	-0.17	-0.12	-0.07	-0.02	0.03	0.08	0.11	0.14	0.17	0.18	0.18	0.18	0.16	0.14	0.12	0.08	0.05	0.01	-0.03	-0.07	-0.10	-0.13	-0.16	-0.18	-0.20	-0.20	-0.21	
Q8K3P0_63-114	1.15	1.13	1.09	1.04	0.97	0.89	0.79	0.69	0.58	0.46	0.35	0.24	0.13	0.03	-0.05	-0.13	-0.20	-0.25	-0.28	-0.30	-0.31	-0.31	-0.29	-0.26	-0.23	-0.18	-0.14	-0.09	-0.04	0.00	0.05	0.08	0.12	0.14	0.15	0.16	0.16	0.15	0.14	0.12	0.09	0.06	0.03	-0.00	-0.03	-0.06	-0.09	-0.11	-0.12	-0.13	-0.14	-0.14	
Q8K3P0_63-114	1.10	1.08	1.04	0.99	0.93	0.85	0.76	0.66	0.56	0.46	0.35	0.24	0.15	0.05	-0.03	-0.10	-0.16	-0.21	-0.25	-0.27	-0.28	-0.27	-0.26	-0.23	-0.20	-0.16	-0.12	-0.07	-0.03	0.01	0.06	0.09	0.12	0.14	0.16	0.17	0.17	0.16	0.15	0.13	0.10	0.07	0.04	0.01	-0.02	-0.05	-0.08	-0.10	-0.12	-0.13	-0.14	-0.14	
Q8K3P0_63-114	1.18	1.16	1.13	1.08	1.02	0.95	0.86	0.77	0.67	0.57	0.46	0.36	0.25	0.15	0.06	-0.02	-0.09	-0.16	-0.21	-0.25	-0.28	-0.29	-0.30	-0.29	-0.28	-0.26	-0.23	-0.20	-0.16	-0.13	-0.09	-0.05	-0.02	0.01	0.04	0.06	0.07	0.08	0.09	0.09	0.09	0.08	0.07	0.06	0.05	0.03	0.02	0.01	-0.01	-0.01	-0.02	-0.02	
Q8K3P0_63-114	0.58	0.57	0.56	0.55	0.52	0.50	0.46	0.43	0.39	0.35	0.31	0.26	0.22	0.17	0.13	0.08	0.04	0.00	-0.04	-0.07	-0.10	-0.12	-0.14	-0.16	-0.17	-0.18	-0.19	-0.19	-0.18	-0.18	-0.17	-0.15	-0.14	-0.12	-0.11	-0.09	-0.07	-0.05	-0.03	-0.01	0.01	0.02	0.04	0.05	0.06	0.07	0.08	0.09	0.09	0.09	0.09	0.09	
Q8K3P0_63-114	1.21	1.19	1.15	1.09	1.01	0.92	0.81	0.69	0.57	0.45	0.32	0.20	0.09	-0.01	-0.11	-0.18	-0.24	-0.29	-0.32	-0.33	-0.33	-0.31	-0.28	-0.24	-0.19	-0.14	-0.08	-0.03	0.03	0.07	0.12	0.15	0.18	0.19	0.19	0.19	0.17	0.14	0.11	0.07	0.03	-0.02	-0.06	-0.11	-0.15	-0.19	-0.22	-0.25	-0.26	-0.27	-0.27	-0.27	
Q8K3P0_63-114	1.62	1.60	1.55	1.48	1.39	1.28	1.15	1.02	0.87	0.72	0.56	0.41	0.26	0.12	-0.00	-0.12	-0.22	-0.30	-0.36	-0.41	-0.44	-0.45	-0.44	-0.42	-0.39	-0.35	-0.30	-0.24	-0.18	-0.12	-0.06	-0.00	0.05	0.09	0.13	0.15	0.17	0.18	0.18	0.17	0.16	0.14	0.11	0.09	0.06	0.03	0.00	-0.02	-0.04	-0.05	-0.07	-0.07	
Q8K3P0_76-127	1.38	1.36	1.32	1.27	1.20	1.11	1.01	0.91	0.79	0.68	0.56	0.44	0.33	0.22	0.13	0.04	-0.03	-0.09	-0.13	-0.17	-0.19	-0.20	-0.19	-0.18	-0.16	-0.14	-0.11	-0.08	-0.05	-0.03	-0.00	0.02	0.03	0.04	0.04	0.03	0.02	0.01	-0.01	-0.04	-0.06	-0.09	-0.12	-0.14	-0.16	-0.18	-0.19	-0.20	-0.20	-0.19	-0.18	-0.16	
Q8K3P0_76-127	1.26	1.25	1.21	1.16	1.10	1.02	0.93	0.83	0.73	0.62	0.52	0.41	0.31	0.21	0.13	0.05	-0.01	-0.07	-0.11	-0.14	-0.16	-0.16	-0.16	-0.15	-0.13	-0.11	-0.09	-0.06	-0.03	-0.01	0.01	0.03	0.04	0.04	0.04	0.04	0.02	0.01	-0.01	-0.04	-0.06	-0.09	-0.11	-0.14	-0.16	-0.17	-0.18	-0.19	-0.19	-0.18	-0.17	-0.15	
Q8K3P0_76-127	1.03	1.01	0.98	0.94	0.88	0.81	0.73	0.65	0.55	0.46	0.37	0.28	0.19	0.11	0.03	-0.03	-0.09	-0.13	-0.16	-0.18	-0.19	-0.19	-0.19	-0.17	-0.15	-0.12	-0.09	-0.06	-0.02	0.01	0.03	0.06	0.08	0.09	0.10	0.10	0.10	0.09	0.08	0.06	0.04	0.02	0.00	-0.01	-0.03	-0.05	-0.06	-0.07	-0.07	-0.07	-0.06	-0.05	
Q8K3P0_76-127	1.24	1.23	1.19	1.13	1.06	0.98	0.88	0.77	0.66	0.55	0.43	0.31	0.20	0.10	0.01	-0.07	-0.14	-0.20	-0.24	-0.27	-0.28	-0.28	-0.27	-0.25	-0.22	-0.19	-0.15	-0.11	-0.07	-0.03	0.01	0.04	0.07	0.09	0.10	0.11	0.11	0.10	0.09	0.08	0.06	0.04	0.02	-0.00	-0.02	-0.04	-0.05	-0.06	-0.07	-0.07	-0.06	-0.05	
Q8K3P0_76-127	1.22	1.20	1.16	1.11	1.03	0.94	0.84	0.74	0.62	0.50	0.38	0.26	0.14	0.03	-0.07	-0.16	-0.23	-0.29	-0.34	-0.37	-0.38	-0.39	-0.37	-0.35	-0.32	-0.27	-0.23	-0.17	-0.12	-0.06	-0.01	0.04	0.09	0.12	0.15	0.18	0.19	0.19	0.19	0.18	0.16	0.14	0.11	0.08	0.04	0.01	-0.03	-0.06	-0.09	-0.12	-0.14	-0.16	
Q8K3P0_76-127	1.20	1.18	1.14	1.08	1.01	0.92	0.81	0.70	0.58	0.46	0.33	0.21	0.09	-0.02	-0.12	-0.21	-0.29	-0.35	-0.39	-0.42	-0.43	-0.43	-0.41	-0.38	-0.34	-0.29	-0.23	-0.17	-0.11	-0.05	0.01	0.06	0.11	0.15	0.19	0.21	0.22	0.23	0.22	0.21	0.19	0.16	0.12	0.09	0.05	0.01	-0.03	-0.07	-0.11	-0.14	-0.16	-0.18	
Q8K3P0_76-127	1.16	1.14	1.11	1.06	1.00	0.92	0.84	0.74	0.64	0.54	0.43	0.33	0.23	0.14	0.05	-0.02	-0.09	-0.14	-0.18	-0.21	-0.23	-0.24	-0.23	-0.22	-0.20	-0.17	-0.14	-0.11	-0.07	-0.04	-0.01	0.02	0.04	0.06	0.07	0.07	0.07	0.06	0.04	0.02	-0.01	-0.03	-0.06	-0.09	-0.12	-0.15	-0.18	-0.20	-0.22	-0.23	-0.24	-0.24	
Q8K3P0_76-127	0.56	0.56	0.54	0.52	0.49	0.46	0.43	0.39	0.34	0.30	0.26	0.22	0.18	0.15	0.11	0.09	0.07	0.05	0.04	0.03	0.03	0.03	0.04	0.05	0.06	0.07	0.07	0.08	0.09	0.09	0.08	0.08	0.07	0.06	0.04	0.02	-0.01	-0.03	-0.06	-0.09	-0.12	-0.14	-0.17	-0.19	-0.21	-0.22	-0.23	-0.23	-0.23	-0.22	-0.21	-0.20	
Q8K3P0_76-127	1.23	1.21	1.17	1.11	1.04	0.95	0.86	0.75	0.63	0.51	0.40	0.28	0.17	0.06	-0.03	-0.11	-0.18	-0.24	-0.28	-0.30	-0.32	-0.31	-0.30	-0.28	-0.24	-0.20	-0.15	-0.11	-0.06	-0.01	0.04	0.08	0.12	0.15	0.17	0.19	0.20	0.20	0.19	0.18	0.17	0.15	0.13	0.11	0.08	0.06	0.04	0.03	0.01	0.00	-0.00	-0.00	
Q8K3P0_76-127	1.58	1.55	1.51	1.44	1.36	1.26	1.14	1.01	0.87	0.73	0.59	0.44	0.30	0.17	0.05	-0.06	-0.16	-0.24	-0.31	-0.36	-0.39	-0.41	-0.41	-0.40	-0.38	-0.35	-0.31	-0.26	-0.21	-0.16	-0.12	-0.07	-0.03	0.00	0.03	0.05	0.06	0.06	0.06	0.05	0.03	0.00	-0.03	-0.06	-0.10	-0.13	-0.16	-0.19	-0.22	-0.24	-0.26	-0.27	
Q8K3P0_88-139	1.32	1.30	1.26	1.21	1.14	1.05	0.95	0.85	0.74	0.62	0.51	0.39	0.28	0.18	0.09	0.01	-0.05	-0.10	-0.14	-0.17	-0.18	-0.17	-0.16	-0.13	-0.10	-0.06	-0.01	0.03	0.08	0.12	0.16	0.20	0.22	0.25	0.26	0.26	0.25	0.24	0.22	0.19	0.16	0.12	0.08	0.04	0.00	-0.04	-0.07	-0.10	-0.13	-0.15	-0.17	-0.18	
Q8K3P0_88-139	1.21	1.20	1.16	1.11	1.04	0.96	0.87	0.77	0.67	0.56	0.45	0.35	0.25	0.15	0.07	-0.00	-0.06	-0.11	-0.15	-0.17	-0.17	-0.17	-0.15	-0.12	-0.09	-0.05	-0.01	0.04	0.08	0.13	0.17	0.20	0.23	0.24	0.26	0.26	0.25	0.24	0.22	0.19	0.16	0.12	0.09	0.05	0.01	-0.03	-0.07	-0.10	-0.12	-0.14	-0.16	-0.17	
Q8K3P0_88-139	1.15	1.13	1.09	1.03	0.95	0.85	0.75	0.63	0.51	0.39	0.27	0.15	0.04	-0.07	-0.15	-0.23	-0.29	-0.33	-0.35	-0.36	-0.35	-0.33	-0.29	-0.24	-0.19	-0.13	-0.07	-0.00	0.06	0.11	0.16	0.20	0.23	0.25	0.26	0.25	0.24	0.21	0.18	0.14	0.09	0.04	-0.01	-0.06	-0.11	-0.15	-0.19	-0.23	-0.25	-0.27	-0.27	-0.27	
Q8K3P0_88-139	1.38	1.36	1.31	1.24	1.15	1.04	0.92	0.78	0.64	0.50	0.36	0.22	0.09	-0.03	-0.14	-0.22	-0.30	-0.35	-0.38	-0.39	-0.39	-0.37	-0.33	-0.29	-0.23	-0.17	-0.10	-0.03	0.03	0.09	0.15	0.19	0.22	0.25	0.25	0.25	0.23	0.21	0.17	0.13	0.08	0.02	-0.03	-0.09	-0.14	-0.19	-0.23	-0.26	-0.29	-0.31	-0.31	-0.31	
Q8K3P0_88-139	1.14	1.13	1.09	1.05	0.99	0.92	0.84	0.75	0.66	0.56	0.46	0.35	0.26	0.16	0.07	-0.01	-0.08	-0.15	-0.20	-0.24	-0.27	-0.30	-0.31	-0.31	-0.30	-0.29	-0.27	-0.24	-0.22	-0.19	-0.16	-0.13	-0.10	-0.08	-0.05	-0.04	-0.02	-0.01	-0.01	-0.00	-0.00	-0.01	-0.01	-0.02	-0.02	-0.03	-0.04	-0.04	-0.04	-0.05	-0.04	-0.04	
Q8K3P0_88-139	1.13	1.12	1.09	1.04	0.99	0.92	0.84	0.75	0.65	0.55	0.45	0.35	0.24	0.15	0.06	-0.03	-0.10	-0.17	-0.23	-0.27	-0.31	-0.33	-0.34	-0.35	-0.34	-0.33	-0.31	-0.29	-0.26	-0.23	-0.20	-0.17	-0.14	-0.11	-0.08	-0.06	-0.04	-0.02	-0.01	-0.00	0.00	0.01	0.01	0.00	0.00	-0.00	-0.01	-0.01	-0.01	-0.01	-0.01	-0.01	
Q8K3P0_88-139	1.03	1.02	0.99	0.96	0.91	0.85	0.78	0.70	0.62	0.54	0.45	0.36	0.28	0.20	0.12	0.05	-0.01	-0.06	-0.11	-0.14	-0.17	-0.18	-0.19	-0.19	-0.18	-0.16	-0.14	-0.11	-0.08	-0.05	-0.02	0.01	0.04	0.06	0.09	0.10	0.12	0.13	0.13	0.13	0.13	0.12	0.11	0.09	0.08	0.06	0.04	0.02	-0.00	-0.02	-0.03	-0.05	
Q8K3P0_88-139	0.42	0.42	0.41	0.39	0.37	0.35	0.32	0.29	0.25	0.22	0.18	0.15	0.11	0.08	0.05	0.02	0.00	-0.02	-0.03	-0.05	-0.05	-0.05	-0.05	-0.04	-0.03	-0.02	-0.00	0.02	0.04	0.06	0.09	0.11	0.13	0.15	0.17	0.18	0.20	0.21	0.21	0.21	0.21	0.20	0.19	0.18	0.16	0.14	0.12	0.09	0.07	0.04	0.02	-0.01	
Q8K3P0_88-139	1.38	1.35	1.30	1.23	1.14	1.03	0.91	0.77	0.63	0.48	0.34	0.20	0.06	-0.06	-0.16	-0.25	-0.33	-0.38	-0.41	-0.43	-0.42	-0.40	-0.37	-0.32	-0.27	-0.20	-0.14	-0.07	-0.01	0.05	0.10	0.14	0.17	0.18	0.19	0.18	0.16	0.14	0.10	0.06	0.01	-0.04	-0.09	-0.14	-0.19	-0.22	-0.26	-0.28	-0.29	-0.29	-0.29	-0.27	
Q8K3P0_88-139	1.46	1.45	1.41	1.36	1.29	1.21	1.12	1.01	0.90	0.79	0.67	0.55	0.43	0.32	0.22	0.12	0.03	-0.04	-0.10	-0.15	-0.19	-0.22	-0.23	-0.24	-0.23	-0.21	-0.19	-0.16	-0.13	-0.10	-0.07	-0.03	-0.00	0.03	0.05	0.07	0.08	0.09	0.10	0.09	0.09	0.08	0.06	0.05	0.03	0.01	-0.00	-0.02	-0.04	-0.05	-0.06	-0.06	
Q8K3P0_101-152	1.28	1.26	1.21	1.15	1.07	0.97	0.85	0.73	0.60	0.47	0.34	0.21	0.09	-0.02	-0.12	-0.20	-0.27	-0.32	-0.35	-0.36	-0.36	-0.34	-0.31	-0.27	-0.22	-0.17	-0.11	-0.05	0.01	0.06	0.11	0.14	0.18	0.20	0.21	0.21	0.20	0.18	0.16	0.13	0.09	0.06	0.02	-0.01	-0.05	-0.07	-0.09	-0.11	-0.11	-0.11	-0.10	-0.09	
Q8K3P0_101-152	1.19	1.17	1.13	1.07	0.99	0.90	0.79	0.67	0.55	0.42	0.30	0.18	0.06	-0.04	-0.14	-0.21	-0.28	-0.32	-0.35	-0.37	-0.36	-0.35	-0.32	-0.28	-0.23	-0.17	-0.12	-0.06	-0.00	0.05	0.09	0.13	0.16	0.18	0.19	0.20	0.19	0.17	0.15	0.12	0.09	0.05	0.02	-0.01	-0.04	-0.07	-0.09	-0.11	-0.11	-0.11	-0.10	-0.09	
Q8K3P0_101-152	1.16	1.14	1.11	1.05	0.99	0.90	0.81	0.70	0.59	0.47	0.36	0.24	0.13	0.02	-0.07	-0.16	-0.23	-0.30	-0.34	-0.38	-0.40	-0.40	-0.40	-0.38	-0.35	-0.31	-0.26	-0.21	-0.16	-0.11	-0.05	-0.00	0.04	0.09	0.12	0.15	0.18	0.19	0.20	0.20	0.20	0.19	0.17	0.15	0.13	0.11	0.09	0.07	0.05	0.03	0.01	0.00	
Q8K3P0_101-152	1.39	1.37	1.33	1.26	1.18	1.08	0.97	0.85	0.72	0.59	0.45	0.31	0.18	0.06	-0.05	-0.15	-0.24	-0.31	-0.36	-0.40	-0.42	-0.43	-0.42	-0.40	-0.36	-0.32	-0.27	-0.21	-0.15	-0.09	-0.03	0.03	0.08	0.13	0.17	0.20	0.22	0.23	0.24	0.24	0.23	0.21	0.19	0.17	0.14	0.11	0.08	0.06	0.03	0.01	-0.00	-0.02	
Q8K3P0_101-152	1.12	1.11	1.08	1.03	0.98	0.91	0.83	0.74	0.65	0.56	0.46	0.37	0.28	0.20	0.12	0.05	-0.01	-0.06	-0.09	-0.12	-0.14	-0.14	-0.14	-0.13	-0.12	-0.09	-0.07	-0.04	-0.02	0.01	0.03	0.05	0.06	0.07	0.07	0.07	0.06	0.05	0.03	0.01	-0.02	-0.04	-0.07	-0.10	-0.13	-0.15	-0.17	-0.19	-0.21	-0.22	-0.22	-0.22	
Q8K3P0_101-152	1.13	1.12	1.09	1.05	0.99	0.93	0.85	0.77	0.68	0.59	0.50	0.40	0.31	0.23	0.15	0.08	0.02	-0.03	-0.08	-0.11	-0.13	-0.14	-0.15	-0.14	-0.13	-0.11	-0.09	-0.07	-0.05	-0.02	-0.00	0.02	0.03	0.05	0.05	0.05	0.05	0.04	0.02	0.00	-0.02	-0.05	-0.07	-0.10	-0.13	-0.15	-0.18	-0.20	-0.22	-0.23	-0.24	-0.25	
Q8K3P0_101-152	0.95	0.93	0.91	0.86	0.81	0.75	0.67	0.59	0.51	0.42	0.34	0.25	0.17	0.09	0.02	-0.04	-0.10	-0.14	-0.17	-0.19	-0.20	-0.21	-0.20	-0.19	-0.17	-0.15	-0.13	-0.10	-0.07	-0.05	-0.02	-0.01	0.01	0.02	0.02	0.02	0.02	0.01	-0.00	-0.02	-0.04	-0.06	-0.08	-0.10	-0.12	-0.13	-0.14	-0.15	-0.15	-0.15	-0.15	-0.14	
Q8K3P0_101-152	0.37	0.36	0.35	0.33	0.30	0.27	0.23	0.19	0.15	0.11	0.06	0.02	-0.02	-0.05	-0.09	-0.12	-0.14	-0.16	-0.17	-0.18	-0.18	-0.18	-0.18	-0.17	-0.16	-0.14	-0.13	-0.11	-0.10	-0.09	-0.08	-0.07	-0.06	-0.06	-0.06	-0.06	-0.06	-0.06	-0.07	-0.08	-0.08	-0.09	-0.09	-0.09	-0.10	-0.09	-0.09	-0.08	-0.07	-0.06	-0.04	-0.02	
Q8K3P0_101-152	1.47	1.44	1.40	1.33	1.24	1.14	1.02	0.89	0.75	0.61	0.46	0.32	0.18	0.06	-0.06	-0.16	-0.25	-0.31	-0.36	-0.40	-0.41	-0.41	-0.39	-0.36	-0.31	-0.26	-0.20	-0.14	-0.07	-0.01	0.05	0.11	0.16	0.20	0.23	0.26	0.27	0.27	0.27	0.25	0.23	0.20	0.17	0.14	0.10	0.06	0.03	-0.01	-0.03	-0.06	-0.08	-0.09	
Q8K3P0_101-152	1.35	1.33	1.29	1.23	1.15	1.07	0.96	0.85	0.74	0.61	0.49	0.37	0.26	0.16	0.06	-0.02	-0.09	-0.14	-0.18	-0.21	-0.22	-0.22	-0.21	-0.18	-0.15	-0.12	-0.08	-0.04	-0.01	0.03	0.06	0.08	0.10	0.11	0.11	0.10	0.09	0.07	0.04	0.01	-0.02	-0.06	-0.09	-0.13	-0.16	-0.19	-0.21	-0.22	-0.23	-0.24	-0.23	-0.22	
Q8K3P0_113-164	1.20	1.18	1.15	1.10	1.03	0.95	0.87	0.77	0.66	0.55	0.44	0.33	0.22	0.11	0.02	-0.07	-0.15	-0.22	-0.27	-0.32	-0.34	-0.36	-0.36	-0.36	-0.34	-0.31	-0.28	-0.24	-0.19	-0.15	-0.10	-0.05	-0.01	0.03	0.07	0.09	0.12	0.13	0.14	0.14	0.13	0.12	0.10	0.07	0.05	0.02	-0.01	-0.05	-0.08	-0.11	-0.13	-0.16	
Q8K3P0_113-164	1.11	1.09	1.06	1.02	0.96	0.89	0.81	0.72	0.62	0.52	0.42	0.32	0.22	0.12	0.03	-0.05	-0.13	-0.19	-0.24	-0.28	-0.31	-0.33	-0.34	-0.33	-0.32	-0.30	-0.27	-0.24	-0.20	-0.16	-0.11	-0.07	-0.03	0.00	0.04	0.06	0.08	0.10	0.11	0.11	0.11	0.10	0.09	0.07	0.05	0.02	-0.00	-0.03	-0.06	-0.08	-0.11	-0.13	
Q8K3P0_113-164	1.17	1.15	1.12	1.07	1.01	0.93	0.84	0.75	0.64	0.54	0.43	0.32	0.21	0.11	0.02	-0.07	-0.14	-0.20	-0.25	-0.29	-0.32	-0.34	-0.34	-0.34	-0.32	-0.30	-0.28	-0.24	-0.21	-0.18	-0.15	-0.12	-0.09	-0.07	-0.05	-0.03	-0.03	-0.03	-0.03	-0.04	-0.05	-0.07	-0.09	-0.11	-0.13	-0.14	-0.16	-0.18	-0.19	-0.20	-0.20	-0.20	
Q8K3P0_113-164	1.35	1.33	1.29	1.23	1.16	1.07	0.97	0.86	0.75	0.62	0.50	0.38	0.25	0.14	0.03	-0.06	-0.15	-0.22	-0.28	-0.33	-0.36	-0.38	-0.38	-0.38	-0.36	-0.34	-0.31	-0.27	-0.24	-0.20	-0.16	-0.13	-0.09	-0.07	-0.05	-0.03	-0.02	-0.02	-0.02	-0.03	-0.04	-0.06	-0.08	-0.10	-0.12	-0.14	-0.16	-0.17	-0.19	-0.19	-0.20	-0.20	
Q8K3P0_113-164	1.17	1.15	1.11	1.05	0.97	0.88	0.78	0.67	0.55	0.43	0.32	0.20	0.10	0.00	-0.08	-0.15	-0.20	-0.24	-0.26	-0.26	-0.25	-0.22	-0.19	-0.14	-0.09	-0.04	0.02	0.08	0.13	0.18	0.22	0.25	0.27	0.28	0.28	0.28	0.26	0.23	0.19	0.15	0.11	0.07	0.02	-0.02	-0.06	-0.09	-0.12	-0.14	-0.15	-0.15	-0.14	-0.13	
Q8K3P0_113-164	1.22	1.20	1.16	1.09	1.01	0.92	0.81	0.70	0.58	0.45	0.33	0.22	0.11	0.01	-0.07	-0.14	-0.19	-0.23	-0.25	-0.25	-0.23	-0.21	-0.17	-0.12	-0.06	-0.00	0.06	0.12	0.17	0.22	0.26	0.29	0.31	0.32	0.32	0.30	0.28	0.25	0.21	0.16	0.12	0.07	0.02	-0.02	-0.06	-0.10	-0.12	-0.14	-0.15	-0.14	-0.13	-0.11	
Q8K3P0_113-164	1.02	1.00	0.97	0.92	0.86	0.78	0.70	0.60	0.51	0.41	0.31	0.21	0.12	0.03	-0.04	-0.10	-0.16	-0.19	-0.22	-0.23	-0.23	-0.22	-0.20	-0.17	-0.13	-0.09	-0.04	0.00	0.05	0.09	0.13	0.16	0.18	0.20	0.21	0.21	0.20	0.18	0.16	0.13	0.10	0.06	0.03	-0.01	-0.05	-0.08	-0.11	-0.14	-0.16	-0.17	-0.18	-0.18	
Q8K3P0_113-164	0.49	0.48	0.46	0.44	0.42	0.39	0.35	0.31	0.27	0.22	0.18	0.13	0.09	0.04	0.01	-0.03	-0.06	-0.08	-0.10	-0.12	-0.13	-0.13	-0.13	-0.12	-0.11	-0.09	-0.07	-0.05	-0.03	-0.00	0.02	0.04	0.06	0.08	0.10	0.11	0.12	0.12	0.12	0.12	0.11	0.09	0.07	0.05	0.03	0.00	-0.02	-0.05	-0.08	-0.11	-0.13	-0.16	
Q8K3P0_113-164	1.38	1.36	1.32	1.26	1.18	1.09	0.99	0.87	0.75	0.62	0.49	0.36	0.24	0.12	0.02	-0.08	-0.17	-0.24	-0.29	-0.34	-0.37	-0.38	-0.38	-0.37	-0.36	-0.33	-0.30	-0.26	-0.22	-0.18	-0.14	-0.11	-0.07	-0.05	-0.03	-0.01	-0.01	-0.00	-0.01	-0.01	-0.03	-0.04	-0.06	-0.07	-0.09	-0.10	-0.11	-0.12	-0.13	-0.13	-0.12	-0.11	
Q8K3P0_113-164	1.43	1.40	1.35	1.28	1.18	1.07	0.94	0.80	0.65	0.50	0.36	0.21	0.08	-0.05	-0.15	-0.24	-0.31	-0.36	-0.39	-0.40	-0.39	-0.36	-0.32	-0.26	-0.20	-0.12	-0.05	0.03	0.10	0.17	0.23	0.27	0.31	0.33	0.34	0.34	0.32	0.30	0.26	0.21	0.16	0.10	0.04	-0.02	-0.07	-0.12	-0.17	-0.20	-0.23	-0.25	-0.25	-0.25	
Q8K3P0_126-177	1.21	1.20	1.16	1.11	1.05	0.97	0.89	0.79	0.69	0.58	0.47	0.37	0.26	0.17	0.08	-0.00	-0.07	-0.13	-0.18	-0.21	-0.24	-0.25	-0.25	-0.24	-0.23	-0.21	-0.18	-0.15	-0.12	-0.09	-0.07	-0.04	-0.02	-0.00	0.01	0.02	0.02	0.02	0.02	0.01	-0.01	-0.02	-0.03	-0.05	-0.06	-0.07	-0.08	-0.09	-0.09	-0.09	-0.08	-0.07	
Q8K3P0_126-177	1.10	1.08	1.05	1.01	0.96	0.89	0.81	0.73	0.64	0.55	0.45	0.36	0.27	0.19	0.11	0.03	-0.03	-0.08	-0.13	-0.16	-0.18	-0.20	-0.20	-0.20	-0.19	-0.18	-0.16	-0.14	-0.12	-0.09	-0.07	-0.05	-0.03	-0.02	-0.01	-0.00	-0.00	-0.00	-0.01	-0.02	-0.03	-0.04	-0.05	-0.06	-0.07	-0.08	-0.08	-0.09	-0.09	-0.09	-0.08	-0.07	
Q8K3P0_126-177	1.25	1.23	1.19	1.14	1.08	1.00	0.91	0.81	0.71	0.60	0.49	0.39	0.29	0.19	0.10	0.02	-0.04	-0.10	-0.14	-0.16	-0.18	-0.18	-0.18	-0.16	-0.13	-0.10	-0.07	-0.03	0.01	0.05	0.08	0.12	0.14	0.16	0.17	0.18	0.18	0.17	0.16	0.14	0.12	0.09	0.06	0.03	-0.00	-0.03	-0.06	-0.08	-0.10	-0.12	-0.13	-0.13	
Q8K3P0_126-177	1.42	1.40	1.36	1.30	1.23	1.14	1.04	0.93	0.81	0.69	0.56	0.44	0.33	0.22	0.12	0.03	-0.04	-0.11	-0.15	-0.18	-0.20	-0.20	-0.20	-0.18	-0.15	-0.11	-0.07	-0.03	0.01	0.06	0.10	0.13	0.16	0.18	0.19	0.20	0.19	0.18	0.17	0.14	0.11	0.08	0.04	0.01	-0.03	-0.06	-0.09	-0.12	-0.14	-0.16	-0.17	-0.17	
Q8K3P0_126-177	1.16	1.14	1.09	1.03	0.96	0.86	0.76	0.64	0.52	0.40	0.27	0.15	0.03	-0.07	-0.17	-0.25	-0.31	-0.37	-0.40	-0.42	-0.42	-0.41	-0.38	-0.34	-0.30	-0.24	-0.18	-0.12	-0.06	-0.01	0.05	0.09	0.13	0.16	0.19	0.20	0.20	0.19	0.18	0.15	0.13	0.09	0.06	0.02	-0.01	-0.04	-0.07	-0.10	-0.12	-0.13	-0.14	-0.15	
Q8K3P0_126-177	1.17	1.15	1.11	1.05	0.97	0.87	0.76	0.64	0.52	0.39	0.26	0.13	0.02	-0.09	-0.19	-0.28	-0.34	-0.40	-0.43	-0.45	-0.45	-0.44	-0.41	-0.37	-0.32	-0.26	-0.20	-0.14	-0.07	-0.01	0.04	0.09	0.14	0.17	0.19	0.21	0.21	0.20	0.19	0.16	0.14	0.10	0.07	0.03	-0.01	-0.05	-0.08	-0.11	-0.13	-0.15	-0.16	-0.17	
Q8K3P0_126-177	0.97	0.95	0.92	0.88	0.81	0.74	0.66	0.57	0.47	0.37	0.27	0.18	0.08	-0.00	-0.08	-0.15	-0.21	-0.25	-0.28	-0.30	-0.31	-0.31	-0.30	-0.28	-0.25	-0.22	-0.18	-0.14	-0.10	-0.06	-0.02	0.01	0.04	0.06	0.08	0.09	0.09	0.09	0.09	0.08	0.07	0.06	0.04	0.02	0.01	-0.00	-0.02	-0.03	-0.03	-0.03	-0.03	-0.03	
Q8K3P0_126-177	0.46	0.46	0.44	0.42	0.39	0.35	0.31	0.27	0.23	0.18	0.13	0.09	0.04	0.00	-0.03	-0.07	-0.09	-0.11	-0.13	-0.14	-0.14	-0.14	-0.14	-0.14	-0.13	-0.12	-0.10	-0.09	-0.08	-0.07	-0.06	-0.05	-0.05	-0.05	-0.04	-0.04	-0.04	-0.04	-0.05	-0.05	-0.05	-0.05	-0.04	-0.04	-0.03	-0.02	-0.01	0.00	0.02	0.04	0.06	0.08	
Q8K3P0_126-177	1.44	1.42	1.38	1.32	1.25	1.15	1.05	0.94	0.82	0.69	0.57	0.44	0.32	0.21	0.11	0.02	-0.06	-0.12	-0.17	-0.21	-0.23	-0.23	-0.22	-0.20	-0.17	-0.14	-0.09	-0.05	-0.00	0.04	0.09	0.12	0.16	0.18	0.20	0.20	0.20	0.19	0.17	0.14	0.11	0.07	0.03	-0.01	-0.05	-0.09	-0.13	-0.17	-0.20	-0.22	-0.24	-0.25	
Q8K3P0_126-177	1.47	1.44	1.39	1.32	1.22	1.10	0.97	0.83	0.68	0.52	0.36	0.21	0.06	-0.07	-0.19	-0.30	-0.39	-0.46	-0.51	-0.54	-0.55	-0.54	-0.52	-0.48	-0.43	-0.37	-0.30	-0.23	-0.16	-0.09	-0.02	0.04	0.09	0.14	0.17	0.19	0.21	0.21	0.20	0.19	0.16	0.14	0.11	0.07	0.04	0.01	-0.02	-0.04	-0.06	-0.08	-0.09	-0.09	
Q8K3P0_138-189	1.27	1.25	1.21	1.15	1.07	0.99	0.88	0.77	0.66	0.54	0.42	0.31	0.20	0.10	0.01	-0.07	-0.13	-0.18	-0.21	-0.23	-0.23	-0.22	-0.19	-0.16	-0.12	-0.07	-0.03	0.02	0.07	0.11	0.15	0.18	0.20	0.21	0.21	0.20	0.19	0.16	0.13	0.09	0.05	0.00	-0.05	-0.09	-0.14	-0.17	-0.21	-0.23	-0.25	-0.26	-0.27	-0.26	
Q8K3P0_138-189	1.12	1.10	1.07	1.02	0.95	0.88	0.79	0.70	0.60	0.50	0.40	0.31	0.21	0.13	0.05	-0.02	-0.07	-0.11	-0.14	-0.16	-0.16	-0.15	-0.14	-0.11	-0.08	-0.04	-0.00	0.04	0.08	0.11	0.15	0.17	0.19	0.20	0.20	0.20	0.18	0.16	0.14	0.10	0.07	0.03	-0.02	-0.06	-0.10	-0.13	-0.16	-0.19	-0.21	-0.22	-0.23	-0.23	
Q8K3P0_138-189	1.16	1.14	1.11	1.06	0.99	0.91	0.82	0.73	0.62	0.52	0.41	0.30	0.20	0.11	0.02	-0.06	-0.12	-0.18	-0.22	-0.25	-0.26	-0.26	-0.25	-0.24	-0.21	-0.18	-0.14	-0.10	-0.05	-0.01	0.03	0.06	0.10	0.12	0.14	0.15	0.16	0.16	0.15	0.14	0.12	0.10	0.07	0.05	0.02	-0.00	-0.02	-0.04	-0.06	-0.07	-0.08	-0.09	
Q8K3P0_138-189	1.30	1.28	1.24	1.19	1.11	1.03	0.93	0.82	0.71	0.59	0.47	0.35	0.24	0.13	0.03	-0.06	-0.13	-0.19	-0.24	-0.27	-0.29	-0.29	-0.28	-0.26	-0.23	-0.20	-0.16	-0.11	-0.07	-0.02	0.03	0.07	0.10	0.13	0.15	0.17	0.18	0.18	0.17	0.16	0.14	0.12	0.10	0.07	0.04	0.02	-0.01	-0.03	-0.05	-0.07	-0.08	-0.08	
Q8K3P0_138-189	1.19	1.17	1.14	1.08	1.01	0.92	0.83	0.72	0.61	0.49	0.37	0.25	0.14	0.03	-0.07	-0.16	-0.23	-0.29	-0.34	-0.38	-0.40	-0.40	-0.40	-0.38	-0.35	-0.32	-0.28	-0.24	-0.19	-0.14	-0.10	-0.06	-0.02	0.01	0.04	0.06	0.07	0.07	0.07	0.06	0.05	0.04	0.02	-0.00	-0.03	-0.05	-0.07	-0.09	-0.10	-0.11	-0.12	-0.12	
Q8K3P0_138-189	1.23	1.21	1.17	1.11	1.04	0.95	0.85	0.74	0.62	0.50	0.38	0.26	0.14	0.03	-0.07	-0.16	-0.23	-0.30	-0.35	-0.38	-0.40	-0.41	-0.40	-0.38	-0.36	-0.32	-0.28	-0.24	-0.19	-0.15	-0.10	-0.06	-0.02	0.01	0.03	0.05	0.06	0.06	0.06	0.06	0.04	0.03	0.01	-0.01	-0.03	-0.05	-0.06	-0.08	-0.09	-0.09	-0.09	-0.09	
Q8K3P0_138-189	1.05	1.04	1.00	0.95	0.88	0.81	0.72	0.62	0.52	0.41	0.31	0.21	0.11	0.02	-0.06	-0.12	-0.18	-0.22	-0.25	-0.27	-0.27	-0.26	-0.24	-0.22	-0.18	-0.15	-0.11	-0.07	-0.03	0.01	0.04	0.06	0.08	0.09	0.09	0.08	0.07	0.05	0.03	-0.00	-0.04	-0.07	-0.10	-0.14	-0.16	-0.19	-0.21	-0.22	-0.23	-0.23	-0.22	-0.21	
Q8K3P0_138-189	0.60	0.59	0.57	0.53	0.49	0.44	0.38	0.32	0.25	0.18	0.12	0.06	0.01	-0.04	-0.08	-0.11	-0.13	-0.14	-0.13	-0.13	-0.11	-0.08	-0.05	-0.02	0.02	0.05	0.09	0.12	0.14	0.16	0.17	0.18	0.17	0.16	0.14	0.11	0.08	0.04	-0.00	-0.05	-0.09	-0.13	-0.17	-0.21	-0.24	-0.26	-0.28	-0.29	-0.29	-0.28	-0.26	-0.24	
Q8K3P0_138-189	1.32	1.30	1.27	1.21	1.14	1.06	0.96	0.85	0.74	0.62	0.50	0.38	0.27	0.16	0.05	-0.04	-0.12	-0.19	-0.24	-0.28	-0.31	-0.32	-0.32	-0.30	-0.28	-0.25	-0.21	-0.16	-0.11	-0.06	-0.01	0.04	0.08	0.12	0.16	0.18	0.20	0.22	0.22	0.22	0.21	0.20	0.18	0.16	0.13	0.10	0.07	0.04	0.02	-0.01	-0.03	-0.04	
Q8K3P0_138-189	1.59	1.56	1.51	1.44	1.34	1.23	1.09	0.95	0.80	0.64	0.48	0.33	0.18	0.04	-0.08	-0.19	-0.29	-0.36	-0.41	-0.45	-0.47	-0.47	-0.45	-0.42	-0.38	-0.33	-0.28	-0.22	-0.17	-0.11	-0.06	-0.02	0.02	0.04	0.06	0.06	0.06	0.05	0.03	0.00	-0.03	-0.07	-0.10	-0.14	-0.17	-0.20	-0.22	-0.24	-0.25	-0.25	-0.25	-0.24	
Q8K3P0_151-202	1.28	1.26	1.22	1.15	1.07	0.97	0.85	0.73	0.60	0.46	0.33	0.20	0.08	-0.04	-0.14	-0.23	-0.30	-0.35	-0.39	-0.41	-0.41	-0.39	-0.36	-0.32	-0.27	-0.22	-0.15	-0.09	-0.02	0.04	0.10	0.15	0.19	0.22	0.25	0.26	0.26	0.26	0.24	0.22	0.19	0.16	0.13	0.09	0.05	0.02	-0.01	-0.04	-0.06	-0.08	-0.09	-0.09	
Q8K3P0_151-202	1.14	1.12	1.08	1.02	0.94	0.85	0.74	0.63	0.51	0.38	0.26	0.14	0.03	-0.07	-0.16	-0.24	-0.30	-0.35	-0.38	-0.39	-0.38	-0.37	-0.34	-0.29	-0.24	-0.19	-0.13	-0.06	-0.00	0.06	0.11	0.15	0.19	0.22	0.24	0.25	0.25	0.24	0.22	0.20	0.17	0.13	0.10	0.06	0.03	-0.00	-0.03	-0.05	-0.07	-0.08	-0.09	-0.09	
Q8K3P0_151-202	1.19	1.17	1.13	1.08	1.01	0.92	0.82	0.71	0.60	0.48	0.36	0.25	0.14	0.04	-0.05	-0.13	-0.20	-0.25	-0.28	-0.30	-0.31	-0.31	-0.29	-0.26	-0.22	-0.18	-0.13	-0.08	-0.04	0.01	0.05	0.09	0.11	0.14	0.15	0.15	0.15	0.13	0.11	0.09	0.05	0.02	-0.02	-0.05	-0.08	-0.12	-0.14	-0.16	-0.18	-0.19	-0.19	-0.18	
Q8K3P0_151-202	1.29	1.27	1.23	1.18	1.10	1.01	0.91	0.79	0.67	0.55	0.43	0.30	0.19	0.08	-0.02	-0.11	-0.18	-0.24	-0.28	-0.31	-0.32	-0.32	-0.30	-0.28	-0.24	-0.20	-0.16	-0.11	-0.06	-0.01	0.03	0.07	0.10	0.12	0.13	0.14	0.14	0.12	0.11	0.08	0.05	0.02	-0.02	-0.06	-0.09	-0.13	-0.15	-0.18	-0.19	-0.20	-0.21	-0.20	
Q8K3P0_151-202	1.21	1.19	1.16	1.11	1.05	0.97	0.89	0.80	0.70	0.59	0.49	0.39	0.28	0.19	0.10	0.02	-0.05	-0.11	-0.16	-0.19	-0.22	-0.23	-0.23	-0.23	-0.22	-0.19	-0.17	-0.14	-0.11	-0.08	-0.05	-0.02	-0.00	0.02	0.03	0.04	0.05	0.05	0.04	0.03	0.02	0.00	-0.02	-0.04	-0.06	-0.07	-0.09	-0.10	-0.11	-0.12	-0.13	-0.13	
Q8K3P0_151-202	1.18	1.16	1.13	1.09	1.04	0.97	0.90	0.81	0.72	0.63	0.54	0.44	0.35	0.26	0.17	0.09	0.02	-0.04	-0.09	-0.13	-0.16	-0.18	-0.20	-0.20	-0.20	-0.19	-0.17	-0.15	-0.13	-0.11	-0.08	-0.06	-0.04	-0.02	-0.00	0.01	0.02	0.02	0.02	0.02	0.01	0.00	-0.01	-0.02	-0.04	-0.05	-0.07	-0.08	-0.09	-0.10	-0.11	-0.11	
Q8K3P0_151-202	1.07	1.05	1.02	0.97	0.91	0.83	0.75	0.65	0.56	0.45	0.35	0.25	0.16	0.07	-0.01	-0.08	-0.14	-0.18	-0.22	-0.24	-0.25	-0.25	-0.23	-0.21	-0.18	-0.15	-0.11	-0.06	-0.02	0.02	0.06	0.09	0.12	0.15	0.16	0.17	0.18	0.18	0.17	0.16	0.14	0.12	0.10	0.08	0.05	0.03	0.01	-0.01	-0.03	-0.04	-0.05	-0.06	
Q8K3P0_151-202	0.63	0.62	0.59	0.56	0.51	0.45	0.38	0.31	0.24	0.16	0.09	0.02	-0.05	-0.11	-0.17	-0.21	-0.25	-0.27	-0.28	-0.29	-0.28	-0.26	-0.24	-0.20	-0.16	-0.12	-0.07	-0.03	0.02	0.07	0.11	0.15	0.18	0.21	0.23	0.24	0.25	0.25	0.24	0.23	0.22	0.20	0.17	0.15	0.13	0.10	0.08	0.06	0.04	0.02	0.00	-0.01	
Q8K3P0_151-202	1.35	1.33	1.29	1.23	1.15	1.06	0.95	0.83	0.70	0.57	0.44	0.32	0.20	0.08	-0.02	-0.11	-0.19	-0.25	-0.29	-0.32	-0.34	-0.34	-0.32	-0.30	-0.27	-0.23	-0.18	-0.14	-0.09	-0.04	-0.00	0.03	0.06	0.08	0.09	0.09	0.09	0.08	0.05	0.03	-0.00	-0.04	-0.07	-0.11	-0.14	-0.17	-0.19	-0.21	-0.22	-0.23	-0.23	-0.22	
Q8K3P0_151-202	1.58	1.55	1.51	1.45	1.37	1.27	1.16	1.03	0.90	0.77	0.63	0.50	0.37	0.24	0.13	0.03	-0.06	-0.13	-0.19	-0.23	-0.26	-0.27	-0.27	-0.25	-0.23	-0.19	-0.16	-0.11	-0.07	-0.02	0.02	0.06	0.09	0.12	0.14	0.15	0.16	0.16	0.15	0.13	0.12	0.09	0.07	0.04	0.01	-0.02	-0.04	-0.06	-0.08	-0.09	-0.10	-0.11	
Q8K3P0_163-214	1.27	1.24	1.21	1.15	1.07	0.98	0.88	0.77	0.65	0.52	0.40	0.28	0.16	0.06	-0.04	-0.13	-0.20	-0.26	-0.30	-0.33	-0.35	-0.35	-0.34	-0.32	-0.30	-0.26	-0.23	-0.19	-0.15	-0.11	-0.07	-0.04	-0.02	-0.00	0.01	0.02	0.02	0.01	0.00	-0.01	-0.03	-0.05	-0.07	-0.08	-0.10	-0.11	-0.11	-0.11	-0.11	-0.10	-0.09	-0.07	
Q8K3P0_163-214	1.13	1.12	1.08	1.02	0.96	0.87	0.78	0.67	0.56	0.45	0.34	0.23	0.12	0.02	-0.06	-0.14	-0.21	-0.26	-0.30	-0.32	-0.34	-0.34	-0.33	-0.31	-0.28	-0.25	-0.21	-0.17	-0.14	-0.10	-0.07	-0.04	-0.01	0.00	0.01	0.02	0.02	0.01	0.00	-0.01	-0.03	-0.04	-0.06	-0.08	-0.09	-0.10	-0.10	-0.10	-0.10	-0.09	-0.08	-0.06	
Q8K3P0_163-214	1.15	1.14	1.10	1.06	0.99	0.92	0.83	0.74	0.64	0.54	0.43	0.33	0.22	0.13	0.04	-0.04	-0.11	-0.17	-0.21	-0.24	-0.26	-0.27	-0.27	-0.26	-0.24	-0.21	-0.18	-0.14	-0.10	-0.06	-0.02	0.02	0.05	0.08	0.11	0.13	0.14	0.15	0.15	0.14	0.13	0.11	0.10	0.07	0.05	0.03	0.01	-0.01	-0.03	-0.05	-0.06	-0.07	
Q8K3P0_163-214	1.29	1.27	1.23	1.18	1.11	1.02	0.93	0.82	0.71	0.60	0.48	0.36	0.25	0.14	0.05	-0.04	-0.12	-0.18	-0.23	-0.26	-0.28	-0.29	-0.28	-0.27	-0.24	-0.21	-0.17	-0.12	-0.07	-0.03	0.02	0.06	0.10	0.13	0.16	0.18	0.19	0.19	0.19	0.18	0.16	0.14	0.12	0.09	0.06	0.03	0.00	-0.02	-0.05	-0.07	-0.09	-0.10	
Q8K3P0_163-214	1.22	1.20	1.16	1.11	1.04	0.95	0.85	0.75	0.64	0.52	0.41	0.30	0.19	0.09	0.00	-0.08	-0.14	-0.19	-0.22	-0.24	-0.25	-0.25	-0.23	-0.20	-0.17	-0.13	-0.08	-0.04	0.01	0.05	0.09	0.13	0.15	0.17	0.18	0.18	0.17	0.15	0.13	0.10	0.07	0.03	-0.00	-0.04	-0.08	-0.11	-0.15	-0.17	-0.19	-0.20	-0.21	-0.21	
Q8K3P0_163-214	1.18	1.16	1.13	1.08	1.01	0.93	0.83	0.73	0.63	0.52	0.41	0.30	0.19	0.10	0.01	-0.06	-0.13	-0.18	-0.21	-0.23	-0.24	-0.24	-0.22	-0.19	-0.16	-0.12	-0.07	-0.03	0.02	0.06	0.10	0.14	0.16	0.18	0.19	0.20	0.19	0.17	0.15	0.12	0.09	0.05	0.01	-0.04	-0.08	-0.12	-0.16	-0.19	-0.22	-0.24	-0.25	-0.26	
Q8K3P0_163-214	1.08	1.07	1.03	0.98	0.91	0.82	0.73	0.63	0.52	0.41	0.29	0.19	0.08	-0.01	-0.09	-0.17	-0.22	-0.27	-0.30	-0.32	-0.32	-0.31	-0.29	-0.26	-0.23	-0.19	-0.14	-0.10	-0.05	-0.01	0.02	0.05	0.07	0.09	0.09	0.09	0.08	0.07	0.05	0.02	-0.01	-0.04	-0.07	-0.10	-0.12	-0.15	-0.16	-0.17	-0.18	-0.18	-0.17	-0.16	
Q8K3P0_163-214	0.65	0.64	0.62	0.58	0.54	0.49	0.43	0.37	0.30	0.23	0.17	0.10	0.03	-0.03	-0.08	-0.13	-0.17	-0.20	-0.23	-0.25	-0.26	-0.26	-0.26	-0.25	-0.23	-0.22	-0.20	-0.18	-0.16	-0.14	-0.12	-0.10	-0.09	-0.08	-0.07	-0.06	-0.06	-0.06	-0.06	-0.06	-0.07	-0.07	-0.07	-0.07	-0.07	-0.06	-0.06	-0.05	-0.03	-0.02	0.00	0.02	
Q8K3P0_163-214	1.30	1.28	1.25	1.20	1.13	1.05	0.96	0.85	0.75	0.63	0.52	0.40	0.29	0.19	0.09	0.01	-0.07	-0.13	-0.18	-0.22	-0.25	-0.26	-0.26	-0.25	-0.22	-0.20	-0.16	-0.12	-0.08	-0.04	0.00	0.04	0.08	0.11	0.14	0.15	0.17	0.17	0.17	0.16	0.15	0.13	0.11	0.08	0.06	0.03	0.00	-0.03	-0.05	-0.07	-0.09	-0.10	
Q8K3P0_163-214	1.52	1.49	1.45	1.38	1.29	1.18	1.06	0.93	0.79	0.65	0.50	0.36	0.23	0.11	-0.00	-0.10	-0.18	-0.24	-0.29	-0.31	-0.32	-0.32	-0.30	-0.26	-0.22	-0.18	-0.12	-0.07	-0.02	0.03	0.08	0.12	0.14	0.16	0.17	0.17	0.16	0.14	0.11	0.08	0.04	-0.00	-0.04	-0.09	-0.12	-0.16	-0.19	-0.21	-0.22	-0.23	-0.23	-0.21	
Q8K3P0_176-227	1.45	1.43	1.38	1.31	1.22	1.11	0.99	0.86	0.72	0.58	0.43	0.29	0.16	0.04	-0.07	-0.16	-0.23	-0.29	-0.32	-0.34	-0.34	-0.32	-0.29	-0.25	-0.19	-0.13	-0.06	0.00	0.07	0.13	0.18	0.23	0.26	0.29	0.30	0.29	0.28	0.25	0.22	0.17	0.12	0.07	0.01	-0.05	-0.11	-0.16	-0.21	-0.25	-0.29	-0.31	-0.32	-0.33	
Q8K3P0_176-227	1.32	1.30	1.26	1.20	1.11	1.02	0.90	0.78	0.66	0.53	0.39	0.27	0.15	0.04	-0.06	-0.15	-0.21	-0.26	-0.30	-0.32	-0.32	-0.30	-0.27	-0.23	-0.18	-0.13	-0.07	-0.01	0.05	0.11	0.16	0.20	0.24	0.26	0.27	0.27	0.26	0.24	0.21	0.17	0.12	0.07	0.02	-0.03	-0.09	-0.14	-0.18	-0.22	-0.25	-0.27	-0.29	-0.29	
Q8K3P0_176-227	1.09	1.07	1.04	0.99	0.93	0.86	0.78	0.69	0.60	0.50	0.40	0.30	0.21	0.12	0.04	-0.03	-0.09	-0.14	-0.18	-0.21	-0.23	-0.23	-0.23	-0.22	-0.20	-0.18	-0.15	-0.12	-0.10	-0.07	-0.04	-0.02	-0.00	0.01	0.02	0.02	0.02	0.02	0.00	-0.01	-0.03	-0.05	-0.07	-0.08	-0.10	-0.12	-0.13	-0.14	-0.14	-0.14	-0.14	-0.13	
Q8K3P0_176-227	1.22	1.20	1.16	1.11	1.04	0.96	0.86	0.76	0.65	0.54	0.43	0.31	0.21	0.11	0.02	-0.07	-0.13	-0.19	-0.23	-0.26	-0.28	-0.29	-0.28	-0.27	-0.24	-0.21	-0.18	-0.15	-0.11	-0.08	-0.04	-0.02	0.01	0.02	0.03	0.04	0.04	0.03	0.02	0.00	-0.02	-0.04	-0.06	-0.08	-0.10	-0.12	-0.13	-0.14	-0.14	-0.14	-0.13	-0.12	
Q8K3P0_176-227	1.15	1.14	1.10	1.05	0.99	0.91	0.82	0.72	0.62	0.51	0.40	0.29	0.19	0.09	0.00	-0.08	-0.15	-0.20	-0.25	-0.27	-0.29	-0.30	-0.29	-0.27	-0.25	-0.21	-0.17	-0.13	-0.09	-0.04	0.00	0.04	0.08	0.11	0.13	0.15	0.16	0.16	0.16	0.15	0.14	0.12	0.10	0.08	0.06	0.03	0.01	-0.01	-0.03	-0.04	-0.05	-0.06	
Q8K3P0_176-227	1.09	1.07	1.04	0.99	0.93	0.86	0.77	0.68	0.58	0.48	0.38	0.28	0.18	0.08	-0.00	-0.08	-0.14	-0.20	-0.24	-0.27	-0.29	-0.29	-0.29	-0.28	-0.25	-0.23	-0.19	-0.15	-0.11	-0.07	-0.03	0.01	0.04	0.07	0.09	0.11	0.13	0.13	0.13	0.13	0.12	0.11	0.10	0.08	0.07	0.05	0.04	0.02	0.01	0.00	-0.00	-0.01	
Q8K3P0_176-227	1.13	1.11	1.08	1.03	0.97	0.89	0.80	0.70	0.60	0.49	0.38	0.28	0.18	0.08	-0.01	-0.08	-0.15	-0.20	-0.24	-0.26	-0.28	-0.28	-0.27	-0.24	-0.21	-0.18	-0.13	-0.09	-0.04	0.01	0.05	0.09	0.12	0.15	0.17	0.19	0.19	0.19	0.18	0.17	0.14	0.12	0.09	0.06	0.02	-0.01	-0.04	-0.07	-0.09	-0.11	-0.13	-0.14	
Q8K3P0_176-227	0.84	0.82	0.79	0.75	0.70	0.64	0.57	0.49	0.41	0.33	0.25	0.17	0.10	0.03	-0.03	-0.08	-0.11	-0.14	-0.16	-0.16	-0.16	-0.14	-0.12	-0.09	-0.05	-0.02	0.02	0.06	0.10	0.13	0.16	0.18	0.19	0.20	0.20	0.18	0.16	0.14	0.11	0.07	0.03	-0.02	-0.06	-0.11	-0.15	-0.19	-0.22	-0.25	-0.27	-0.28	-0.29	-0.29	
Q8K3P0_176-227	1.22	1.20	1.17	1.11	1.05	0.97	0.87	0.77	0.67	0.56	0.44	0.34	0.23	0.13	0.04	-0.04	-0.11	-0.17	-0.21	-0.24	-0.26	-0.26	-0.26	-0.25	-0.23	-0.20	-0.17	-0.13	-0.10	-0.06	-0.03	-0.00	0.02	0.04	0.05	0.05	0.06	0.05	0.04	0.03	0.01	-0.01	-0.03	-0.05	-0.07	-0.08	-0.10	-0.11	-0.11	-0.11	-0.11	-0.10	
Q8K3P0_176-227	1.46	1.44	1.39	1.33	1.25	1.15	1.04	0.91	0.78	0.65	0.51	0.37	0.24	0.12	0.01	-0.09	-0.18	-0.25	-0.30	-0.34	-0.36	-0.36	-0.35	-0.33	-0.29	-0.25	-0.20	-0.14	-0.08	-0.02	0.03	0.08	0.13	0.17	0.20	0.22	0.24	0.24	0.23	0.22	0.20	0.17	0.14	0.10	0.06	0.02	-0.02	-0.05	-0.08	-0.11	-0.13	-0.15	
Q8K3P0_188-239	1.40	1.38	1.34	1.27	1.19	1.09	0.98	0.86	0.73	0.59	0.45	0.32	0.19	0.07	-0.04	-0.14	-0.22	-0.29	-0.34	-0.38	-0.40	-0.40	-0.39	-0.37	-0.33	-0.29	-0.23	-0.18	-0.12	-0.06	-0.00	0.05	0.10	0.14	0.18	0.20	0.22	0.23	0.23	0.23	0.22	0.20	0.19	0.16	0.14	0.12	0.10	0.08	0.06	0.04	0.03	0.03	
Q8K3P0_188-239	1.27	1.25	1.21	1.15	1.08	0.99	0.89	0.79	0.67	0.55	0.43	0.31	0.19	0.08	-0.02	-0.11	-0.18	-0.25	-0.30	-0.33	-0.35	-0.36	-0.35	-0.33	-0.30	-0.27	-0.22	-0.17	-0.12	-0.07	-0.02	0.03	0.07	0.11	0.14	0.17	0.19	0.20	0.20	0.20	0.20	0.19	0.17	0.15	0.14	0.12	0.10	0.08	0.07	0.05	0.04	0.04	
Q8K3P0_188-239	1.01	0.99	0.96	0.93	0.87	0.81	0.74	0.67	0.59	0.50	0.42	0.33	0.25	0.18	0.11	0.05	-0.01	-0.05	-0.08	-0.11	-0.12	-0.13	-0.13	-0.12	-0.10	-0.08	-0.06	-0.03	-0.01	0.02	0.04	0.06	0.07	0.09	0.09	0.09	0.09	0.08	0.07	0.06	0.04	0.02	0.00	-0.02	-0.04	-0.06	-0.07	-0.09	-0.10	-0.10	-0.11	-0.11	
Q8K3P0_188-239	1.16	1.15	1.11	1.07	1.00	0.93	0.85	0.76	0.66	0.56	0.46	0.36	0.26	0.17	0.09	0.02	-0.04	-0.09	-0.13	-0.16	-0.17	-0.18	-0.17	-0.16	-0.14	-0.11	-0.08	-0.05	-0.02	0.01	0.04	0.06	0.08	0.10	0.11	0.11	0.10	0.09	0.08	0.06	0.04	0.02	-0.01	-0.03	-0.06	-0.08	-0.10	-0.12	-0.13	-0.14	-0.14	-0.14	
Q8K3P0_188-239	1.20	1.18	1.14	1.09	1.02	0.93	0.83	0.73	0.61	0.50	0.38	0.26	0.15	0.05	-0.04	-0.12	-0.19	-0.25	-0.28	-0.31	-0.32	-0.32	-0.31	-0.28	-0.25	-0.21	-0.17	-0.12	-0.08	-0.03	0.01	0.04	0.07	0.09	0.10	0.11	0.11	0.10	0.08	0.06	0.03	-0.00	-0.03	-0.06	-0.10	-0.12	-0.15	-0.17	-0.18	-0.19	-0.19	-0.19	
Q8K3P0_188-239	1.19	1.17	1.13	1.07	0.99	0.90	0.80	0.69	0.57	0.45	0.33	0.21	0.10	-0.01	-0.10	-0.18	-0.25	-0.30	-0.34	-0.36	-0.36	-0.35	-0.33	-0.30	-0.26	-0.21	-0.16	-0.11	-0.06	-0.02	0.03	0.06	0.09	0.11	0.12	0.12	0.11	0.09	0.07	0.03	-0.00	-0.04	-0.08	-0.12	-0.16	-0.20	-0.23	-0.26	-0.28	-0.29	-0.29	-0.29	
Q8K3P0_188-239	1.22	1.20	1.16	1.10	1.02	0.93	0.82	0.70	0.58	0.46	0.33	0.21	0.09	-0.02	-0.12	-0.20	-0.27	-0.33	-0.37	-0.39	-0.40	-0.39	-0.37	-0.34	-0.30	-0.25	-0.19	-0.13	-0.08	-0.02	0.03	0.08	0.11	0.14	0.16	0.18	0.18	0.17	0.15	0.13	0.10	0.07	0.03	-0.00	-0.04	-0.07	-0.11	-0.13	-0.15	-0.17	-0.17	-0.18	
Q8K3P0_188-239	0.88	0.87	0.84	0.79	0.73	0.66	0.58	0.49	0.40	0.30	0.20	0.11	0.02	-0.06	-0.14	-0.20	-0.25	-0.29	-0.31	-0.32	-0.32	-0.31	-0.29	-0.25	-0.21	-0.16	-0.11	-0.06	-0.00	0.05	0.10	0.15	0.19	0.22	0.25	0.26	0.27	0.28	0.27	0.26	0.24	0.22	0.19	0.16	0.13	0.10	0.08	0.05	0.03	0.01	-0.01	-0.02	
Q8K3P0_188-239	1.06	1.05	1.02	0.98	0.93	0.88	0.81	0.74	0.66	0.58	0.49	0.41	0.33	0.25	0.18	0.11	0.05	0.00	-0.04	-0.07	-0.10	-0.12	-0.12	-0.13	-0.12	-0.11	-0.10	-0.08	-0.07	-0.05	-0.03	-0.01	0.01	0.02	0.03	0.03	0.04	0.04	0.03	0.03	0.02	0.01	-0.00	-0.01	-0.03	-0.04	-0.05	-0.06	-0.07	-0.07	-0.07	-0.07	
Q8K3P0_188-239	1.51	1.48	1.44	1.37	1.27	1.17	1.04	0.91	0.76	0.62	0.47	0.32	0.18	0.04	-0.08	-0.18	-0.27	-0.35	-0.40	-0.44	-0.45	-0.45	-0.44	-0.41	-0.37	-0.32	-0.26	-0.20	-0.14	-0.08	-0.02	0.03	0.08	0.12	0.14	0.16	0.17	0.16	0.15	0.13	0.10	0.07	0.03	-0.01	-0.05	-0.08	-0.12	-0.15	-0.17	-0.19	-0.20	-0.20	
Q8K3P0_201-252	1.43	1.41	1.36	1.30	1.21	1.11	0.99	0.86	0.73	0.59	0.45	0.31	0.18	0.06	-0.05	-0.14	-0.23	-0.29	-0.34	-0.37	-0.39	-0.39	-0.37	-0.35	-0.32	-0.28	-0.23	-0.18	-0.14	-0.09	-0.05	-0.02	0.01	0.02	0.03	0.03	0.02	0.01	-0.02	-0.04	-0.08	-0.11	-0.15	-0.18	-0.22	-0.24	-0.27	-0.28	-0.29	-0.30	-0.29	-0.28	
Q8K3P0_201-252	1.27	1.25	1.21	1.15	1.08	0.99	0.89	0.78	0.66	0.54	0.42	0.30	0.18	0.08	-0.02	-0.11	-0.18	-0.24	-0.28	-0.31	-0.33	-0.33	-0.32	-0.31	-0.28	-0.25	-0.21	-0.17	-0.13	-0.09	-0.06	-0.03	-0.01	0.01	0.01	0.01	0.01	-0.01	-0.03	-0.06	-0.08	-0.12	-0.15	-0.18	-0.21	-0.23	-0.25	-0.27	-0.28	-0.28	-0.28	-0.27	
Q8K3P0_201-252	0.95	0.93	0.90	0.85	0.79	0.72	0.64	0.55	0.46	0.36	0.27	0.17	0.08	0.00	-0.07	-0.13	-0.18	-0.22	-0.25	-0.26	-0.26	-0.25	-0.23	-0.20	-0.17	-0.13	-0.09	-0.04	-0.00	0.04	0.07	0.10	0.13	0.14	0.15	0.15	0.14	0.13	0.11	0.08	0.05	0.02	-0.02	-0.05	-0.08	-0.11	-0.14	-0.16	-0.18	-0.19	-0.20	-0.19	
Q8K3P0_201-252	1.14	1.12	1.08	1.03	0.95	0.87	0.77	0.66	0.55	0.43	0.32	0.20	0.10	-0.00	-0.09	-0.16	-0.22	-0.27	-0.30	-0.32	-0.32	-0.30	-0.28	-0.25	-0.20	-0.15	-0.10	-0.05	0.01	0.06	0.10	0.14	0.17	0.19	0.20	0.20	0.20	0.18	0.16	0.13	0.09	0.05	0.01	-0.03	-0.07	-0.11	-0.14	-0.17	-0.19	-0.21	-0.22	-0.22	
Q8K3P0_201-252	1.22	1.20	1.16	1.11	1.05	0.97	0.88	0.79	0.68	0.58	0.47	0.36	0.26	0.16	0.07	-0.01	-0.08	-0.14	-0.18	-0.21	-0.23	-0.24	-0.24	-0.22	-0.20	-0.17	-0.14	-0.10	-0.06	-0.02	0.02	0.06	0.09	0.12	0.14	0.16	0.17	0.17	0.17	0.16	0.15	0.13	0.11	0.09	0.07	0.04	0.02	0.00	-0.02	-0.03	-0.04	-0.05	
Q8K3P0_201-252	1.23	1.21	1.18	1.13	1.06	0.98	0.89	0.79	0.69	0.58	0.47	0.36	0.25	0.15	0.06	-0.02	-0.09	-0.15	-0.20	-0.23	-0.25	-0.26	-0.26	-0.25	-0.22	-0.19	-0.16	-0.12	-0.07	-0.03	0.02	0.06	0.10	0.13	0.16	0.18	0.20	0.21	0.21	0.21	0.20	0.19	0.17	0.16	0.14	0.12	0.10	0.08	0.06	0.05	0.04	0.03	
Q8K3P0_201-252	1.27	1.25	1.22	1.16	1.09	1.00	0.91	0.80	0.69	0.57	0.45	0.33	0.22	0.11	0.01	-0.08	-0.15	-0.22	-0.26	-0.30	-0.32	-0.33	-0.32	-0.31	-0.29	-0.25	-0.22	-0.17	-0.13	-0.09	-0.04	-0.00	0.03	0.06	0.09	0.11	0.12	0.12	0.12	0.11	0.10	0.09	0.07	0.05	0.03	0.01	-0.01	-0.02	-0.04	-0.05	-0.05	-0.06	
Q8K3P0_201-252	0.90	0.89	0.86	0.82	0.76	0.69	0.62	0.54	0.45	0.36	0.27	0.18	0.09	0.01	-0.06	-0.13	-0.18	-0.23	-0.26	-0.29	-0.30	-0.31	-0.30	-0.29	-0.28	-0.25	-0.23	-0.20	-0.17	-0.15	-0.12	-0.10	-0.08	-0.07	-0.05	-0.05	-0.05	-0.05	-0.05	-0.06	-0.06	-0.07	-0.08	-0.09	-0.09	-0.10	-0.10	-0.09	-0.09	-0.08	-0.07	-0.05	
Q8K3P0_201-252	0.95	0.93	0.90	0.86	0.81	0.74	0.67	0.59	0.50	0.42	0.33	0.24	0.16	0.09	0.02	-0.04	-0.09	-0.13	-0.15	-0.17	-0.17	-0.17	-0.16	-0.14	-0.11	-0.08	-0.05	-0.01	0.02	0.05	0.08	0.10	0.12	0.13	0.13	0.13	0.12	0.10	0.08	0.05	0.02	-0.01	-0.05	-0.08	-0.11	-0.14	-0.17	-0.19	-0.20	-0.21	-0.22	-0.22	
Q8K3P0_201-252	1.58	1.56	1.51	1.44	1.36	1.25	1.13	1.00	0.86	0.71	0.57	0.42	0.29	0.16	0.04	-0.07	-0.16	-0.23	-0.29	-0.33	-0.35	-0.36	-0.35	-0.33	-0.30	-0.26	-0.21	-0.16	-0.11	-0.06	-0.01	0.04	0.08	0.11	0.13	0.15	0.15	0.15	0.14	0.13	0.11	0.08	0.06	0.03	0.00	-0.02	-0.05	-0.07	-0.08	-0.10	-0.10	-0.10	
Q8K3P0_213-264	1.44	1.42	1.38	1.32	1.25	1.16	1.06	0.95	0.83	0.71	0.59	0.46	0.34	0.23	0.12	0.03	-0.05	-0.12	-0.17	-0.21	-0.24	-0.25	-0.25	-0.23	-0.21	-0.17	-0.13	-0.09	-0.04	0.01	0.06	0.10	0.14	0.18	0.20	0.22	0.24	0.24	0.24	0.23	0.21	0.19	0.16	0.13	0.10	0.06	0.03	-0.01	-0.04	-0.06	-0.09	-0.10	
Q8K3P0_213-264	1.28	1.27	1.23	1.18	1.12	1.04	0.95	0.85	0.75	0.64	0.53	0.42	0.32	0.22	0.12	0.04	-0.03	-0.09	-0.14	-0.17	-0.20	-0.20	-0.20	-0.19	-0.17	-0.14	-0.10	-0.06	-0.02	0.03	0.07	0.11	0.14	0.17	0.20	0.22	0.23	0.23	0.23	0.22	0.20	0.18	0.16	0.13	0.10	0.07	0.04	0.01	-0.02	-0.05	-0.07	-0.08	
Q8K3P0_213-264	0.96	0.94	0.91	0.87	0.81	0.74	0.66	0.57	0.48	0.38	0.29	0.19	0.10	0.02	-0.06	-0.13	-0.18	-0.23	-0.26	-0.28	-0.29	-0.29	-0.28	-0.26	-0.23	-0.19	-0.16	-0.12	-0.07	-0.03	0.01	0.04	0.07	0.10	0.12	0.13	0.14	0.14	0.13	0.12	0.11	0.09	0.07	0.05	0.03	0.01	-0.01	-0.03	-0.04	-0.05	-0.06	-0.06	
Q8K3P0_213-264	1.12	1.10	1.06	1.01	0.94	0.86	0.77	0.67	0.57	0.46	0.35	0.24	0.13	0.03	-0.06	-0.14	-0.20	-0.26	-0.30	-0.33	-0.35	-0.35	-0.34	-0.32	-0.29	-0.26	-0.22	-0.17	-0.13	-0.08	-0.04	0.00	0.04	0.07	0.09	0.11	0.12	0.13	0.12	0.12	0.11	0.09	0.07	0.05	0.03	0.01	-0.01	-0.02	-0.04	-0.05	-0.06	-0.06	
Q8K3P0_213-264	1.19	1.17	1.13	1.08	1.01	0.92	0.83	0.73	0.62	0.50	0.39	0.28	0.17	0.07	-0.02	-0.09	-0.16	-0.21	-0.25	-0.27	-0.28	-0.28	-0.27	-0.24	-0.21	-0.18	-0.14	-0.10	-0.06	-0.02	0.02	0.05	0.07	0.08	0.09	0.09	0.09	0.08	0.06	0.04	0.01	-0.02	-0.05	-0.08	-0.10	-0.13	-0.15	-0.16	-0.17	-0.17	-0.17	-0.16	
Q8K3P0_213-264	1.24	1.22	1.18	1.12	1.04	0.94	0.84	0.72	0.60	0.48	0.35	0.23	0.12	0.01	-0.08	-0.16	-0.23	-0.28	-0.31	-0.33	-0.33	-0.33	-0.30	-0.27	-0.24	-0.19	-0.15	-0.10	-0.06	-0.02	0.02	0.04	0.06	0.07	0.08	0.07	0.05	0.03	-0.00	-0.03	-0.07	-0.11	-0.15	-0.18	-0.21	-0.24	-0.26	-0.27	-0.27	-0.27	-0.25	-0.23	
Q8K3P0_213-264	1.29	1.27	1.23	1.18	1.10	1.01	0.91	0.80	0.69	0.57	0.44	0.33	0.21	0.11	0.01	-0.07	-0.14	-0.20	-0.24	-0.26	-0.28	-0.28	-0.26	-0.24	-0.21	-0.18	-0.14	-0.09	-0.05	-0.01	0.02	0.05	0.07	0.09	0.10	0.10	0.09	0.07	0.05	0.02	-0.01	-0.04	-0.07	-0.10	-0.13	-0.16	-0.18	-0.20	-0.21	-0.21	-0.21	-0.20	
Q8K3P0_213-264	0.90	0.89	0.87	0.84	0.80	0.75	0.69	0.63	0.56	0.49	0.42	0.34	0.27	0.21	0.15	0.09	0.04	-0.00	-0.04	-0.06	-0.08	-0.10	-0.10	-0.10	-0.09	-0.08	-0.07	-0.05	-0.03	-0.01	0.01	0.03	0.04	0.06	0.06	0.07	0.07	0.06	0.05	0.04	0.03	0.01	-0.01	-0.03	-0.05	-0.08	-0.10	-0.11	-0.13	-0.14	-0.15	-0.16	
Q8K3P0_213-264	0.97	0.96	0.92	0.88	0.82	0.75	0.66	0.58	0.48	0.38	0.29	0.19	0.10	0.02	-0.06	-0.13	-0.18	-0.22	-0.25	-0.27	-0.27	-0.27	-0.25	-0.22	-0.19	-0.15	-0.10	-0.06	-0.01	0.04	0.08	0.12	0.15	0.18	0.20	0.22	0.22	0.22	0.21	0.20	0.18	0.16	0.13	0.10	0.07	0.04	0.02	-0.01	-0.03	-0.05	-0.06	-0.07	
Q8K3P0_213-264	1.61	1.58	1.53	1.45	1.36	1.24	1.11	0.97	0.82	0.67	0.51	0.36	0.22	0.08	-0.04	-0.14	-0.22	-0.29	-0.34	-0.37	-0.38	-0.37	-0.35	-0.31	-0.27	-0.21	-0.15	-0.09	-0.03	0.02	0.07	0.11	0.15	0.17	0.18	0.18	0.17	0.15	0.12	0.08	0.04	-0.01	-0.05	-0.10	-0.14	-0.18	-0.22	-0.24	-0.26	-0.27	-0.27	-0.26	
Q8K3P0_226-277	1.37	1.35	1.31	1.25	1.17	1.07	0.96	0.84	0.72	0.59	0.45	0.33	0.20	0.09	-0.02	-0.11	-0.19	-0.25	-0.30	-0.33	-0.35	-0.35	-0.34	-0.32	-0.28	-0.24	-0.20	-0.15	-0.10	-0.05	-0.01	0.03	0.06	0.09	0.10	0.11	0.11	0.11	0.10	0.08	0.05	0.02	-0.00	-0.03	-0.06	-0.09	-0.11	-0.13	-0.15	-0.15	-0.15	-0.15	
Q8K3P0_226-277	1.21	1.19	1.15	1.10	1.03	0.95	0.85	0.75	0.64	0.52	0.41	0.30	0.19	0.08	-0.01	-0.10	-0.17	-0.23	-0.27	-0.30	-0.32	-0.33	-0.32	-0.30	-0.28	-0.24	-0.20	-0.16	-0.12	-0.07	-0.03	0.01	0.04	0.07	0.09	0.10	0.11	0.11	0.10	0.09	0.07	0.05	0.03	0.00	-0.02	-0.05	-0.07	-0.09	-0.11	-0.12	-0.12	-0.13	
Q8K3P0_226-277	1.04	1.02	0.99	0.94	0.87	0.80	0.71	0.61	0.51	0.41	0.30	0.20	0.10	0.01	-0.07	-0.14	-0.20	-0.25	-0.29	-0.31	-0.32	-0.31	-0.30	-0.27	-0.24	-0.21	-0.17	-0.12	-0.08	-0.04	-0.00	0.03	0.06	0.08	0.09	0.10	0.09	0.08	0.07	0.05	0.03	-0.00	-0.03	-0.06	-0.09	-0.12	-0.14	-0.16	-0.17	-0.18	-0.19	-0.18	
Q8K3P0_226-277	1.18	1.17	1.13	1.07	1.00	0.92	0.83	0.72	0.61	0.50	0.38	0.27	0.16	0.06	-0.03	-0.11	-0.18	-0.23	-0.27	-0.30	-0.31	-0.31	-0.30	-0.28	-0.25	-0.21	-0.17	-0.13	-0.09	-0.05	-0.01	0.02	0.04	0.06	0.07	0.08	0.07	0.06	0.04	0.02	-0.01	-0.04	-0.07	-0.10	-0.13	-0.15	-0.18	-0.20	-0.21	-0.22	-0.22	-0.21	
Q8K3P0_226-277	1.13	1.11	1.08	1.03	0.97	0.90	0.82	0.73	0.63	0.53	0.43	0.33	0.23	0.14	0.06	-0.01	-0.08	-0.13	-0.17	-0.19	-0.21	-0.22	-0.21	-0.20	-0.17	-0.15	-0.11	-0.08	-0.04	-0.01	0.03	0.06	0.08	0.11	0.12	0.13	0.13	0.13	0.12	0.11	0.09	0.07	0.05	0.03	0.00	-0.02	-0.04	-0.06	-0.07	-0.08	-0.09	-0.09	
Q8K3P0_226-277	1.21	1.19	1.15	1.10	1.04	0.96	0.87	0.77	0.66	0.55	0.44	0.33	0.23	0.13	0.04	-0.03	-0.10	-0.15	-0.19	-0.22	-0.23	-0.24	-0.23	-0.21	-0.18	-0.14	-0.11	-0.06	-0.02	0.02	0.06	0.10	0.13	0.15	0.17	0.18	0.18	0.18	0.17	0.15	0.13	0.11	0.08	0.06	0.03	0.00	-0.02	-0.04	-0.06	-0.08	-0.09	-0.09	
Q8K3P0_226-277	1.25	1.23	1.20	1.14	1.07	0.99	0.89	0.79	0.67	0.56	0.44	0.33	0.22	0.12	0.03	-0.05	-0.12	-0.18	-0.22	-0.24	-0.26	-0.26	-0.25	-0.22	-0.19	-0.15	-0.11	-0.07	-0.02	0.02	0.06	0.10	0.13	0.16	0.17	0.18	0.19	0.18	0.17	0.15	0.13	0.11	0.08	0.05	0.02	-0.01	-0.03	-0.06	-0.07	-0.09	-0.10	-0.10	
Q8K3P0_226-277	0.84	0.83	0.80	0.76	0.71	0.64	0.57	0.50	0.41	0.33	0.25	0.17	0.09	0.02	-0.04	-0.09	-0.13	-0.16	-0.18	-0.19	-0.19	-0.17	-0.16	-0.13	-0.10	-0.07	-0.03	0.00	0.03	0.06	0.09	0.11	0.12	0.13	0.13	0.13	0.12	0.10	0.08	0.06	0.04	0.01	-0.01	-0.03	-0.05	-0.07	-0.08	-0.09	-0.10	-0.09	-0.09	-0.08	
Q8K3P0_226-277	1.03	1.01	0.98	0.93	0.87	0.79	0.71	0.61	0.51	0.41	0.30	0.20	0.10	0.01	-0.08	-0.15	-0.22	-0.27	-0.31	-0.34	-0.35	-0.35	-0.34	-0.33	-0.30	-0.26	-0.22	-0.18	-0.13	-0.09	-0.05	-0.01	0.03	0.06	0.08	0.10	0.10	0.11	0.10	0.09	0.08	0.06	0.03	0.01	-0.02	-0.04	-0.07	-0.09	-0.11	-0.12	-0.13	-0.13	
Q8K3P0_226-277	1.63	1.60	1.55	1.48	1.38	1.26	1.13	0.99	0.84	0.68	0.52	0.37	0.22	0.08	-0.04	-0.15	-0.24	-0.31	-0.36	-0.39	-0.41	-0.40	-0.38	-0.34	-0.30	-0.24	-0.18	-0.11	-0.04	0.02	0.08	0.14	0.18	0.22	0.24	0.26	0.26	0.26	0.24	0.22	0.19	0.15	0.11	0.07	0.03	-0.01	-0.04	-0.07	-0.10	-0.12	-0.13	-0.13	
Q8K3P0_238-289	1.32	1.30	1.26	1.21	1.13	1.04	0.94	0.83	0.72	0.60	0.48	0.36	0.25	0.14	0.04	-0.04	-0.11	-0.17	-0.21	-0.24	-0.26	-0.26	-0.25	-0.23	-0.21	-0.17	-0.14	-0.10	-0.06	-0.02	0.01	0.04	0.06	0.08	0.08	0.09	0.08	0.07	0.05	0.03	0.01	-0.02	-0.05	-0.07	-0.10	-0.12	-0.13	-0.14	-0.15	-0.15	-0.15	-0.14	
Q8K3P0_238-289	1.16	1.14	1.11	1.06	0.99	0.92	0.83	0.74	0.63	0.53	0.43	0.32	0.22	0.13	0.05	-0.02	-0.09	-0.14	-0.18	-0.20	-0.22	-0.22	-0.22	-0.21	-0.19	-0.16	-0.13	-0.10	-0.07	-0.04	-0.02	0.00	0.02	0.03	0.04	0.04	0.03	0.02	0.00	-0.01	-0.03	-0.05	-0.07	-0.09	-0.11	-0.12	-0.13	-0.14	-0.14	-0.13	-0.13	-0.11	
Q8K3P0_238-289	1.11	1.09	1.06	1.01	0.94	0.86	0.78	0.68	0.58	0.47	0.37	0.27	0.17	0.08	-0.01	-0.08	-0.14	-0.18	-0.22	-0.24	-0.24	-0.24	-0.23	-0.20	-0.17	-0.14	-0.10	-0.06	-0.02	0.02	0.06	0.09	0.11	0.13	0.14	0.14	0.14	0.13	0.12	0.10	0.08	0.05	0.03	0.00	-0.02	-0.04	-0.06	-0.07	-0.08	-0.08	-0.08	-0.08	
Q8K3P0_238-289	1.31	1.28	1.24	1.18	1.11	1.01	0.91	0.79	0.67	0.55	0.42	0.30	0.19	0.08	-0.01	-0.09	-0.16	-0.21	-0.24	-0.26	-0.26	-0.25	-0.23	-0.19	-0.15	-0.10	-0.05	0.00	0.06	0.11	0.15	0.19	0.21	0.23	0.25	0.25	0.24	0.22	0.20	0.17	0.14	0.10	0.06	0.02	-0.01	-0.04	-0.07	-0.09	-0.11	-0.11	-0.11	-0.11	
Q8K3P0_238-289	1.10	1.08	1.05	1.00	0.93	0.86	0.77	0.67	0.57	0.47	0.36	0.26	0.16	0.06	-0.02	-0.10	-0.16	-0.22	-0.25	-0.28	-0.29	-0.30	-0.29	-0.27	-0.24	-0.20	-0.16	-0.12	-0.08	-0.03	0.01	0.04	0.08	0.10	0.12	0.13	0.14	0.13	0.12	0.11	0.09	0.06	0.03	0.00	-0.03	-0.06	-0.09	-0.12	-0.14	-0.16	-0.17	-0.18	
Q8K3P0_238-289	1.19	1.17	1.13	1.08	1.01	0.93	0.83	0.73	0.62	0.50	0.38	0.27	0.16	0.05	-0.04	-0.13	-0.20	-0.26	-0.30	-0.34	-0.35	-0.36	-0.35	-0.33	-0.30	-0.26	-0.21	-0.17	-0.11	-0.06	-0.01	0.03	0.07	0.11	0.13	0.15	0.16	0.17	0.16	0.15	0.13	0.10	0.07	0.04	0.01	-0.03	-0.06	-0.09	-0.12	-0.15	-0.17	-0.18	
Q8K3P0_238-289	1.09	1.07	1.04	1.00	0.94	0.88	0.80	0.71	0.62	0.52	0.42	0.32	0.23	0.13	0.05	-0.03	-0.10	-0.16	-0.21	-0.25	-0.28	-0.30	-0.30	-0.30	-0.29	-0.27	-0.24	-0.21	-0.18	-0.14	-0.11	-0.07	-0.04	-0.01	0.01	0.03	0.05	0.06	0.07	0.06	0.06	0.05	0.04	0.02	0.00	-0.02	-0.04	-0.06	-0.08	-0.09	-0.10	-0.11	
Q8K3P0_238-289	0.69	0.68	0.66	0.63	0.59	0.55	0.50	0.44	0.38	0.31	0.25	0.18	0.12	0.06	0.00	-0.05	-0.09	-0.13	-0.16	-0.19	-0.20	-0.21	-0.21	-0.21	-0.20	-0.19	-0.17	-0.15	-0.12	-0.10	-0.07	-0.05	-0.03	-0.01	0.01	0.02	0.03	0.04	0.04	0.04	0.03	0.02	0.01	-0.00	-0.02	-0.03	-0.04	-0.06	-0.07	-0.08	-0.09	-0.10	
Q8K3P0_238-289	1.18	1.16	1.12	1.07	0.99	0.90	0.81	0.70	0.58	0.46	0.35	0.23	0.13	0.03	-0.06	-0.13	-0.20	-0.24	-0.27	-0.29	-0.29	-0.28	-0.26	-0.23	-0.19	-0.15	-0.11	-0.06	-0.01	0.03	0.06	0.09	0.11	0.13	0.13	0.13	0.12	0.10	0.08	0.05	0.02	-0.02	-0.05	-0.08	-0.11	-0.13	-0.15	-0.16	-0.17	-0.16	-0.16	-0.14	
Q8K3P0_238-289	1.44	1.42	1.38	1.32	1.25	1.16	1.06	0.95	0.83	0.70	0.57	0.44	0.31	0.19	0.07	-0.03	-0.13	-0.21	-0.28	-0.34	-0.38	-0.41	-0.42	-0.42	-0.41	-0.39	-0.36	-0.33	-0.28	-0.24	-0.19	-0.14	-0.10	-0.06	-0.02	0.01	0.04	0.06	0.08	0.08	0.08	0.08	0.06	0.05	0.03	0.01	-0.02	-0.04	-0.06	-0.08	-0.10	-0.12	
Q8K3P0_251-302	1.27	1.25	1.21	1.16	1.08	1.00	0.90	0.79	0.68	0.56	0.45	0.33	0.22	0.11	0.02	-0.06	-0.13	-0.19	-0.23	-0.26	-0.28	-0.28	-0.26	-0.24	-0.21	-0.17	-0.13	-0.08	-0.04	0.01	0.05	0.09	0.12	0.15	0.16	0.17	0.18	0.17	0.16	0.14	0.11	0.08	0.05	0.02	-0.02	-0.05	-0.08	-0.11	-0.14	-0.16	-0.17	-0.18	
Q8K3P0_251-302	1.14	1.12	1.09	1.03	0.97	0.89	0.80	0.70	0.60	0.49	0.38	0.28	0.18	0.09	0.00	-0.07	-0.13	-0.18	-0.21	-0.24	-0.24	-0.24	-0.22	-0.20	-0.17	-0.13	-0.09	-0.04	0.00	0.05	0.08	0.12	0.15	0.17	0.18	0.18	0.18	0.17	0.15	0.13	0.10	0.07	0.03	-0.00	-0.04	-0.07	-0.11	-0.13	-0.16	-0.18	-0.19	-0.20	
Q8K3P0_251-302	1.12	1.10	1.06	1.01	0.94	0.85	0.76	0.65	0.54	0.43	0.31	0.20	0.10	0.00	-0.08	-0.15	-0.21	-0.26	-0.29	-0.31	-0.31	-0.30	-0.28	-0.25	-0.22	-0.17	-0.13	-0.08	-0.04	0.01	0.04	0.08	0.10	0.12	0.13	0.13	0.12	0.10	0.08	0.06	0.03	-0.00	-0.04	-0.07	-0.10	-0.12	-0.15	-0.16	-0.18	-0.18	-0.18	-0.18	
Q8K3P0_251-302	1.29	1.27	1.23	1.16	1.08	0.98	0.86	0.74	0.61	0.47	0.34	0.21	0.08	-0.03	-0.14	-0.23	-0.30	-0.35	-0.39	-0.42	-0.42	-0.41	-0.39	-0.35	-0.30	-0.25	-0.19	-0.14	-0.08	-0.02	0.03	0.07	0.11	0.14	0.16	0.16	0.16	0.15	0.13	0.11	0.08	0.04	0.01	-0.03	-0.06	-0.09	-0.12	-0.14	-0.16	-0.17	-0.18	-0.17	
Q8K3P0_251-302	1.07	1.05	1.02	0.98	0.92	0.86	0.78	0.70	0.61	0.51	0.42	0.32	0.23	0.14	0.06	-0.01	-0.08	-0.13	-0.17	-0.21	-0.23	-0.24	-0.24	-0.24	-0.22	-0.20	-0.18	-0.14	-0.11	-0.08	-0.04	-0.01	0.02	0.04	0.07	0.08	0.09	0.10	0.10	0.10	0.09	0.08	0.07	0.05	0.03	0.02	0.00	-0.01	-0.03	-0.04	-0.04	-0.05	
Q8K3P0_251-302	1.17	1.15	1.12	1.07	1.02	0.94	0.86	0.77	0.67	0.57	0.47	0.37	0.27	0.18	0.09	0.01	-0.06	-0.12	-0.17	-0.21	-0.23	-0.25	-0.25	-0.25	-0.23	-0.22	-0.19	-0.16	-0.13	-0.10	-0.06	-0.03	-0.01	0.02	0.04	0.05	0.06	0.07	0.07	0.07	0.06	0.05	0.04	0.02	0.01	-0.00	-0.02	-0.03	-0.03	-0.04	-0.04	-0.03	
Q8K3P0_251-302	1.05	1.04	1.01	0.97	0.92	0.87	0.80	0.72	0.64	0.56	0.48	0.39	0.31	0.23	0.16	0.09	0.03	-0.02	-0.06	-0.09	-0.11	-0.13	-0.13	-0.13	-0.13	-0.11	-0.10	-0.08	-0.06	-0.04	-0.02	0.00	0.02	0.03	0.04	0.05	0.05	0.05	0.04	0.03	0.02	0.01	-0.01	-0.02	-0.04	-0.05	-0.06	-0.07	-0.08	-0.08	-0.08	-0.08	
Q8K3P0_251-302	0.64	0.64	0.62	0.60	0.57	0.54	0.50	0.46	0.41	0.37	0.32	0.27	0.22	0.17	0.13	0.09	0.05	0.02	-0.01	-0.03	-0.05	-0.07	-0.08	-0.08	-0.08	-0.08	-0.08	-0.07	-0.06	-0.06	-0.05	-0.04	-0.03	-0.02	-0.01	-0.01	-0.00	0.00	0.00	0.00	0.00	0.00	-0.00	-0.00	-0.01	-0.01	-0.01	-0.01	-0.01	-0.01	-0.01	-0.01	
Q8K3P0_251-302	1.28	1.25	1.21	1.14	1.06	0.96	0.84	0.72	0.58	0.45	0.32	0.18	0.06	-0.05	-0.15	-0.24	-0.31	-0.36	-0.39	-0.41	-0.40	-0.39	-0.36	-0.31	-0.26	-0.20	-0.14	-0.07	-0.01	0.05	0.10	0.15	0.18	0.21	0.22	0.23	0.22	0.20	0.18	0.15	0.11	0.07	0.02	-0.02	-0.06	-0.10	-0.14	-0.17	-0.19	-0.21	-0.22	-0.22	
Q8K3P0_251-302	1.42	1.40	1.37	1.31	1.25	1.17	1.08	0.98	0.87	0.76	0.64	0.53	0.42	0.32	0.22	0.13	0.05	-0.01	-0.07	-0.11	-0.14	-0.16	-0.17	-0.17	-0.16	-0.14	-0.12	-0.10	-0.07	-0.04	-0.02	0.01	0.03	0.04	0.06	0.06	0.06	0.05	0.04	0.03	0.01	-0.01	-0.04	-0.06	-0.08	-0.10	-0.12	-0.14	-0.15	-0.15	-0.15	-0.15	
Q8K3P0_263-314	1.25	1.23	1.19	1.14	1.07	0.99	0.89	0.79	0.68	0.57	0.46	0.34	0.23	0.13	0.04	-0.04	-0.11	-0.17	-0.21	-0.24	-0.26	-0.26	-0.26	-0.24	-0.21	-0.18	-0.14	-0.10	-0.06	-0.01	0.03	0.06	0.09	0.12	0.14	0.15	0.16	0.16	0.15	0.14	0.12	0.10	0.08	0.06	0.04	0.02	-0.00	-0.02	-0.03	-0.03	-0.04	-0.03	
Q8K3P0_263-314	1.10	1.09	1.06	1.01	0.95	0.87	0.79	0.70	0.60	0.50	0.40	0.30	0.20	0.11	0.03	-0.04	-0.10	-0.16	-0.19	-0.22	-0.23	-0.24	-0.23	-0.21	-0.19	-0.16	-0.13	-0.09	-0.05	-0.01	0.02	0.06	0.09	0.11	0.13	0.14	0.15	0.15	0.15	0.14	0.13	0.12	0.10	0.09	0.07	0.06	0.04	0.03	0.03	0.02	0.02	0.03	
Q8K3P0_263-314	1.12	1.10	1.06	1.01	0.95	0.87	0.78	0.68	0.57	0.47	0.36	0.25	0.15	0.06	-0.03	-0.10	-0.16	-0.21	-0.25	-0.27	-0.28	-0.28	-0.27	-0.25	-0.22	-0.19	-0.15	-0.11	-0.06	-0.02	0.01	0.05	0.07	0.09	0.11	0.12	0.12	0.12	0.11	0.09	0.07	0.05	0.03	0.01	-0.01	-0.03	-0.05	-0.07	-0.08	-0.08	-0.09	-0.09	
Q8K3P0_263-314	1.32	1.29	1.25	1.19	1.12	1.02	0.92	0.80	0.68	0.55	0.42	0.29	0.17	0.06	-0.05	-0.14	-0.21	-0.28	-0.32	-0.36	-0.37	-0.38	-0.37	-0.35	-0.31	-0.28	-0.23	-0.18	-0.14	-0.09	-0.04	-0.00	0.03	0.06	0.08	0.09	0.10	0.09	0.09	0.07	0.05	0.03	0.01	-0.02	-0.04	-0.07	-0.09	-0.10	-0.12	-0.12	-0.13	-0.13	
Q8K3P0_263-314	1.07	1.05	1.02	0.98	0.92	0.84	0.76	0.67	0.57	0.48	0.38	0.28	0.18	0.10	0.02	-0.05	-0.11	-0.16	-0.20	-0.22	-0.24	-0.24	-0.23	-0.21	-0.19	-0.16	-0.12	-0.09	-0.05	-0.02	0.01	0.04	0.06	0.08	0.09	0.09	0.09	0.08	0.06	0.04	0.02	-0.01	-0.04	-0.07	-0.10	-0.12	-0.14	-0.16	-0.18	-0.19	-0.19	-0.19	
Q8K3P0_263-314	1.18	1.17	1.13	1.08	1.01	0.92	0.83	0.73	0.62	0.51	0.39	0.28	0.18	0.08	-0.01	-0.09	-0.15	-0.20	-0.24	-0.26	-0.27	-0.27	-0.25	-0.23	-0.20	-0.16	-0.11	-0.07	-0.03	0.01	0.05	0.08	0.11	0.12	0.13	0.13	0.12	0.11	0.08	0.05	0.02	-0.02	-0.06	-0.10	-0.14	-0.18	-0.21	-0.24	-0.26	-0.28	-0.29	-0.29	
Q8K3P0_263-314	0.98	0.96	0.93	0.89	0.84	0.78	0.70	0.62	0.54	0.45	0.36	0.28	0.20	0.12	0.05	-0.01	-0.06	-0.09	-0.12	-0.14	-0.15	-0.15	-0.14	-0.12	-0.10	-0.07	-0.04	-0.00	0.03	0.06	0.09	0.11	0.13	0.14	0.14	0.14	0.14	0.12	0.11	0.08	0.06	0.03	-0.00	-0.03	-0.06	-0.09	-0.11	-0.13	-0.15	-0.16	-0.16	-0.16	
Q8K3P0_263-314	0.61	0.60	0.58	0.56	0.53	0.49	0.45	0.40	0.36	0.31	0.26	0.21	0.16	0.12	0.08	0.04	0.01	-0.01	-0.03	-0.04	-0.05	-0.05	-0.04	-0.03	-0.02	-0.01	0.01	0.03	0.04	0.06	0.07	0.09	0.10	0.10	0.10	0.10	0.09	0.08	0.07	0.05	0.04	0.02	-0.00	-0.03	-0.05	-0.06	-0.08	-0.10	-0.11	-0.12	-0.12	-0.13	
Q8K3P0_263-314	1.30	1.28	1.24	1.18	1.10	1.01	0.90	0.78	0.66	0.53	0.40	0.27	0.15	0.03	-0.07	-0.16	-0.24	-0.30	-0.34	-0.37	-0.39	-0.39	-0.38	-0.35	-0.32	-0.28	-0.23	-0.18	-0.13	-0.08	-0.03	0.01	0.05	0.08	0.11	0.12	0.13	0.13	0.13	0.11	0.10	0.08	0.06	0.04	0.02	-0.00	-0.02	-0.03	-0.04	-0.04	-0.04	-0.04	
Q8K3P0_263-314	1.33	1.31	1.27	1.22	1.14	1.05	0.95	0.85	0.73	0.61	0.49	0.38	0.27	0.16	0.07	-0.01	-0.07	-0.12	-0.16	-0.18	-0.19	-0.18	-0.17	-0.14	-0.11	-0.06	-0.02	0.03	0.07	0.11	0.15	0.18	0.20	0.22	0.23	0.22	0.21	0.19	0.17	0.14	0.10	0.06	0.02	-0.02	-0.06	-0.09	-0.12	-0.15	-0.17	-0.18	-0.19	-0.19	
