Q91VW3_1-52	1.35	1.33	1.28	1.21	1.12	1.02	0.90	0.77	0.63	0.49	0.35	0.21	0.08	-0.04	-0.15	-0.24	-0.31	-0.37	-0.41	-0.43	-0.43	-0.42	-0.39	-0.35	-0.31	-0.25	-0.19	-0.13	-0.07	-0.02	0.03	0.08	0.11	0.13	0.15	0.15	0.14	0.12	0.10	0.07	0.04	-0.00	-0.04	-0.08	-0.11	-0.14	-0.17	-0.19	-0.20	-0.20	-0.19	-0.18	
Q91VW3_1-52	1.20	1.18	1.14	1.08	1.00	0.91	0.80	0.68	0.56	0.44	0.31	0.19	0.08	-0.03	-0.13	-0.21	-0.28	-0.33	-0.37	-0.39	-0.39	-0.38	-0.36	-0.33	-0.29	-0.24	-0.19	-0.13	-0.08	-0.03	0.01	0.05	0.08	0.11	0.12	0.13	0.12	0.11	0.09	0.06	0.03	0.00	-0.03	-0.07	-0.10	-0.12	-0.15	-0.17	-0.18	-0.18	-0.18	-0.17	
Q91VW3_1-52	1.11	1.10	1.07	1.02	0.96	0.89	0.81	0.72	0.63	0.53	0.43	0.33	0.23	0.14	0.06	-0.02	-0.08	-0.14	-0.18	-0.21	-0.23	-0.24	-0.24	-0.23	-0.21	-0.19	-0.16	-0.12	-0.09	-0.05	-0.02	0.02	0.05	0.07	0.09	0.11	0.12	0.12	0.12	0.12	0.11	0.09	0.08	0.06	0.04	0.02	-0.00	-0.02	-0.03	-0.05	-0.06	-0.07	
Q91VW3_1-52	1.26	1.24	1.21	1.15	1.08	1.00	0.91	0.80	0.69	0.57	0.46	0.34	0.23	0.12	0.02	-0.06	-0.14	-0.20	-0.25	-0.29	-0.31	-0.32	-0.31	-0.30	-0.27	-0.24	-0.20	-0.16	-0.11	-0.06	-0.02	0.03	0.07	0.10	0.13	0.15	0.17	0.18	0.18	0.17	0.16	0.15	0.13	0.10	0.08	0.06	0.03	0.01	-0.02	-0.04	-0.05	-0.07	
Q91VW3_1-52	1.13	1.11	1.08	1.03	0.97	0.89	0.81	0.71	0.61	0.51	0.41	0.31	0.21	0.12	0.04	-0.04	-0.10	-0.15	-0.19	-0.21	-0.23	-0.23	-0.22	-0.21	-0.18	-0.15	-0.12	-0.08	-0.04	-0.01	0.02	0.05	0.08	0.10	0.11	0.11	0.11	0.10	0.09	0.07	0.04	0.02	-0.01	-0.04	-0.06	-0.09	-0.11	-0.13	-0.14	-0.15	-0.16	-0.16	
Q91VW3_1-52	1.22	1.21	1.17	1.12	1.05	0.97	0.88	0.78	0.67	0.56	0.45	0.34	0.23	0.14	0.05	-0.03	-0.10	-0.15	-0.19	-0.22	-0.23	-0.23	-0.22	-0.20	-0.18	-0.14	-0.10	-0.06	-0.02	0.02	0.06	0.10	0.12	0.15	0.16	0.17	0.16	0.16	0.14	0.12	0.09	0.06	0.03	-0.00	-0.04	-0.07	-0.10	-0.12	-0.15	-0.16	-0.17	-0.18	
Q91VW3_1-52	1.27	1.25	1.21	1.15	1.07	0.97	0.87	0.75	0.62	0.50	0.37	0.24	0.12	0.01	-0.08	-0.17	-0.24	-0.30	-0.34	-0.36	-0.37	-0.36	-0.35	-0.32	-0.28	-0.23	-0.19	-0.14	-0.09	-0.04	0.00	0.04	0.07	0.08	0.10	0.10	0.09	0.07	0.05	0.02	-0.01	-0.05	-0.08	-0.12	-0.16	-0.19	-0.21	-0.23	-0.24	-0.25	-0.25	-0.24	
Q91VW3_1-52	0.80	0.78	0.75	0.71	0.65	0.58	0.50	0.41	0.32	0.23	0.14	0.05	-0.03	-0.11	-0.17	-0.23	-0.27	-0.30	-0.32	-0.32	-0.31	-0.30	-0.27	-0.24	-0.20	-0.17	-0.12	-0.09	-0.05	-0.02	0.01	0.03	0.04	0.05	0.05	0.04	0.02	0.00	-0.02	-0.05	-0.07	-0.10	-0.13	-0.15	-0.17	-0.18	-0.19	-0.19	-0.18	-0.16	-0.14	-0.12	
Q91VW3_1-52	1.06	1.05	1.02	0.98	0.92	0.85	0.78	0.69	0.60	0.51	0.41	0.32	0.23	0.14	0.06	-0.01	-0.07	-0.12	-0.16	-0.19	-0.21	-0.22	-0.22	-0.21	-0.19	-0.16	-0.13	-0.09	-0.06	-0.02	0.02	0.06	0.09	0.12	0.14	0.16	0.17	0.18	0.18	0.17	0.16	0.15	0.13	0.10	0.08	0.06	0.03	0.01	-0.01	-0.03	-0.05	-0.06	
Q91VW3_1-52	1.68	1.65	1.60	1.52	1.43	1.31	1.17	1.03	0.87	0.71	0.55	0.39	0.24	0.10	-0.02	-0.13	-0.22	-0.30	-0.35	-0.38	-0.40	-0.39	-0.37	-0.34	-0.30	-0.25	-0.19	-0.13	-0.07	-0.02	0.03	0.07	0.10	0.12	0.13	0.13	0.12	0.10	0.07	0.04	-0.00	-0.05	-0.10	-0.14	-0.18	-0.22	-0.25	-0.28	-0.29	-0.30	-0.30	-0.29	
Q91VW3_18-69	1.30	1.28	1.25	1.20	1.13	1.05	0.96	0.86	0.75	0.64	0.53	0.41	0.30	0.19	0.09	0.00	-0.08	-0.15	-0.21	-0.26	-0.29	-0.31	-0.32	-0.32	-0.31	-0.29	-0.26	-0.23	-0.19	-0.16	-0.12	-0.08	-0.04	-0.00	0.03	0.05	0.08	0.09	0.10	0.11	0.11	0.11	0.10	0.09	0.08	0.06	0.05	0.03	0.02	0.01	-0.01	-0.02	
Q91VW3_18-69	1.15	1.13	1.10	1.06	1.00	0.94	0.86	0.77	0.68	0.58	0.48	0.38	0.28	0.19	0.10	0.02	-0.05	-0.12	-0.17	-0.22	-0.25	-0.27	-0.28	-0.29	-0.28	-0.26	-0.24	-0.22	-0.19	-0.15	-0.12	-0.08	-0.05	-0.01	0.01	0.04	0.06	0.08	0.09	0.10	0.10	0.10	0.10	0.09	0.08	0.07	0.06	0.04	0.03	0.01	0.00	-0.01	
Q91VW3_18-69	0.96	0.94	0.92	0.88	0.83	0.78	0.71	0.64	0.56	0.49	0.41	0.33	0.25	0.18	0.11	0.05	-0.00	-0.05	-0.09	-0.11	-0.13	-0.14	-0.14	-0.14	-0.13	-0.12	-0.10	-0.08	-0.06	-0.04	-0.02	-0.01	0.00	0.01	0.02	0.02	0.02	0.01	-0.00	-0.02	-0.03	-0.05	-0.07	-0.08	-0.10	-0.11	-0.13	-0.13	-0.14	-0.14	-0.14	-0.14	
Q91VW3_18-69	1.20	1.18	1.14	1.09	1.03	0.95	0.87	0.77	0.67	0.56	0.45	0.35	0.25	0.15	0.07	-0.01	-0.07	-0.13	-0.17	-0.20	-0.21	-0.22	-0.22	-0.20	-0.18	-0.16	-0.13	-0.10	-0.06	-0.03	-0.01	0.02	0.03	0.04	0.05	0.05	0.04	0.03	0.01	-0.01	-0.04	-0.07	-0.10	-0.12	-0.15	-0.17	-0.19	-0.20	-0.21	-0.22	-0.21	-0.20	
Q91VW3_18-69	1.23	1.20	1.16	1.10	1.02	0.93	0.82	0.70	0.58	0.45	0.33	0.21	0.09	-0.01	-0.11	-0.19	-0.25	-0.30	-0.33	-0.34	-0.34	-0.33	-0.30	-0.26	-0.21	-0.15	-0.10	-0.04	0.02	0.07	0.12	0.16	0.19	0.22	0.23	0.23	0.23	0.21	0.19	0.16	0.12	0.08	0.04	0.00	-0.03	-0.07	-0.10	-0.12	-0.14	-0.15	-0.15	-0.15	
Q91VW3_18-69	1.32	1.30	1.25	1.19	1.10	1.00	0.88	0.75	0.61	0.48	0.34	0.21	0.08	-0.03	-0.14	-0.22	-0.29	-0.34	-0.37	-0.38	-0.38	-0.36	-0.33	-0.28	-0.23	-0.17	-0.10	-0.04	0.02	0.08	0.13	0.17	0.20	0.23	0.24	0.23	0.22	0.20	0.17	0.14	0.09	0.05	0.01	-0.04	-0.08	-0.11	-0.14	-0.17	-0.18	-0.19	-0.19	-0.18	
Q91VW3_18-69	1.32	1.30	1.26	1.20	1.12	1.03	0.92	0.81	0.69	0.57	0.44	0.32	0.20	0.09	-0.01	-0.09	-0.17	-0.22	-0.27	-0.30	-0.31	-0.31	-0.29	-0.27	-0.24	-0.20	-0.15	-0.10	-0.05	-0.01	0.03	0.07	0.10	0.13	0.15	0.16	0.16	0.16	0.14	0.13	0.11	0.08	0.06	0.03	0.01	-0.01	-0.03	-0.05	-0.06	-0.06	-0.06	-0.06	
Q91VW3_18-69	0.68	0.67	0.66	0.64	0.61	0.57	0.53	0.49	0.44	0.39	0.34	0.29	0.23	0.18	0.13	0.08	0.03	-0.01	-0.05	-0.08	-0.11	-0.13	-0.15	-0.16	-0.17	-0.17	-0.17	-0.16	-0.15	-0.14	-0.12	-0.10	-0.08	-0.06	-0.04	-0.02	-0.01	0.01	0.03	0.04	0.06	0.07	0.07	0.08	0.08	0.08	0.08	0.08	0.07	0.07	0.06	0.05	
Q91VW3_18-69	1.04	1.02	0.99	0.95	0.89	0.81	0.73	0.64	0.55	0.45	0.35	0.26	0.16	0.07	-0.01	-0.08	-0.14	-0.19	-0.22	-0.25	-0.26	-0.27	-0.26	-0.25	-0.22	-0.19	-0.16	-0.12	-0.09	-0.05	-0.02	0.01	0.04	0.06	0.07	0.08	0.08	0.08	0.06	0.05	0.03	0.01	-0.02	-0.05	-0.07	-0.10	-0.12	-0.14	-0.16	-0.17	-0.17	-0.18	
Q91VW3_18-69	1.74	1.71	1.66	1.58	1.47	1.35	1.20	1.05	0.88	0.71	0.54	0.38	0.22	0.07	-0.06	-0.17	-0.27	-0.34	-0.39	-0.43	-0.44	-0.43	-0.40	-0.36	-0.30	-0.24	-0.17	-0.10	-0.03	0.04	0.11	0.16	0.21	0.25	0.27	0.29	0.29	0.28	0.26	0.23	0.19	0.15	0.11	0.07	0.03	-0.01	-0.05	-0.08	-0.10	-0.12	-0.12	-0.12	
Q91VW3_26-77	1.29	1.28	1.24	1.19	1.12	1.04	0.94	0.84	0.73	0.62	0.50	0.39	0.28	0.18	0.09	0.01	-0.06	-0.12	-0.17	-0.20	-0.22	-0.23	-0.23	-0.22	-0.20	-0.18	-0.15	-0.13	-0.10	-0.07	-0.05	-0.03	-0.01	-0.00	0.00	-0.00	-0.01	-0.02	-0.03	-0.05	-0.07	-0.08	-0.10	-0.12	-0.13	-0.14	-0.14	-0.14	-0.13	-0.12	-0.11	-0.09	
Q91VW3_26-77	1.13	1.11	1.08	1.04	0.98	0.91	0.83	0.74	0.65	0.55	0.45	0.36	0.27	0.18	0.10	0.03	-0.03	-0.09	-0.13	-0.16	-0.18	-0.19	-0.19	-0.19	-0.18	-0.16	-0.14	-0.12	-0.10	-0.08	-0.06	-0.05	-0.04	-0.03	-0.03	-0.03	-0.03	-0.04	-0.05	-0.06	-0.08	-0.09	-0.10	-0.11	-0.12	-0.12	-0.12	-0.12	-0.11	-0.10	-0.09	-0.07	
Q91VW3_26-77	0.96	0.94	0.92	0.88	0.82	0.76	0.69	0.61	0.53	0.45	0.36	0.28	0.20	0.13	0.06	0.01	-0.04	-0.08	-0.10	-0.12	-0.13	-0.13	-0.11	-0.10	-0.07	-0.05	-0.02	0.01	0.04	0.07	0.10	0.12	0.13	0.14	0.15	0.14	0.13	0.12	0.10	0.08	0.05	0.02	-0.01	-0.04	-0.07	-0.09	-0.12	-0.13	-0.15	-0.16	-0.16	-0.16	
Q91VW3_26-77	1.22	1.20	1.16	1.11	1.04	0.96	0.87	0.77	0.66	0.55	0.44	0.33	0.23	0.13	0.05	-0.03	-0.09	-0.14	-0.18	-0.20	-0.20	-0.20	-0.18	-0.16	-0.13	-0.09	-0.05	-0.00	0.04	0.08	0.12	0.15	0.17	0.19	0.20	0.20	0.19	0.18	0.16	0.13	0.10	0.06	0.02	-0.02	-0.06	-0.09	-0.12	-0.15	-0.17	-0.19	-0.20	-0.21	
Q91VW3_26-77	1.22	1.20	1.16	1.10	1.02	0.93	0.83	0.71	0.59	0.47	0.34	0.22	0.11	-0.00	-0.10	-0.19	-0.26	-0.32	-0.36	-0.38	-0.39	-0.39	-0.37	-0.34	-0.30	-0.26	-0.20	-0.15	-0.09	-0.03	0.02	0.06	0.11	0.14	0.16	0.18	0.19	0.18	0.17	0.16	0.13	0.11	0.07	0.04	0.01	-0.03	-0.06	-0.08	-0.11	-0.12	-0.13	-0.14	
Q91VW3_26-77	1.32	1.29	1.25	1.19	1.11	1.01	0.89	0.77	0.64	0.51	0.37	0.24	0.11	-0.01	-0.11	-0.21	-0.29	-0.35	-0.40	-0.42	-0.44	-0.43	-0.41	-0.38	-0.34	-0.28	-0.22	-0.16	-0.10	-0.04	0.02	0.08	0.13	0.16	0.19	0.21	0.22	0.22	0.21	0.19	0.16	0.12	0.08	0.04	0.00	-0.04	-0.08	-0.12	-0.15	-0.18	-0.20	-0.21	
Q91VW3_26-77	1.23	1.21	1.18	1.12	1.06	0.97	0.88	0.78	0.67	0.55	0.44	0.32	0.21	0.11	0.01	-0.07	-0.15	-0.21	-0.26	-0.29	-0.31	-0.32	-0.32	-0.30	-0.28	-0.25	-0.22	-0.18	-0.14	-0.10	-0.06	-0.02	0.01	0.04	0.06	0.07	0.08	0.07	0.07	0.05	0.04	0.02	-0.01	-0.03	-0.06	-0.08	-0.10	-0.12	-0.14	-0.15	-0.15	-0.15	
Q91VW3_26-77	0.70	0.69	0.67	0.65	0.61	0.57	0.52	0.47	0.42	0.36	0.30	0.25	0.19	0.14	0.09	0.05	0.02	-0.01	-0.04	-0.05	-0.06	-0.07	-0.07	-0.07	-0.06	-0.05	-0.04	-0.03	-0.02	-0.01	-0.00	0.00	0.01	0.01	0.00	-0.00	-0.01	-0.02	-0.03	-0.05	-0.06	-0.07	-0.08	-0.09	-0.10	-0.10	-0.10	-0.10	-0.09	-0.08	-0.06	-0.04	
Q91VW3_26-77	1.10	1.08	1.05	1.00	0.93	0.86	0.77	0.67	0.57	0.47	0.37	0.26	0.17	0.08	-0.00	-0.07	-0.13	-0.18	-0.21	-0.23	-0.24	-0.23	-0.22	-0.20	-0.17	-0.13	-0.09	-0.05	-0.01	0.03	0.06	0.09	0.11	0.13	0.14	0.14	0.14	0.13	0.11	0.09	0.07	0.05	0.02	-0.01	-0.04	-0.06	-0.08	-0.10	-0.11	-0.12	-0.12	-0.12	
Q91VW3_26-77	1.62	1.60	1.55	1.48	1.39	1.28	1.15	1.01	0.86	0.71	0.55	0.39	0.24	0.10	-0.03	-0.15	-0.25	-0.33	-0.40	-0.45	-0.48	-0.49	-0.49	-0.47	-0.43	-0.39	-0.34	-0.28	-0.21	-0.15	-0.09	-0.03	0.02	0.06	0.10	0.13	0.15	0.15	0.15	0.14	0.12	0.10	0.07	0.04	0.00	-0.03	-0.07	-0.10	-0.12	-0.15	-0.16	-0.17	
Q91VW3_43-94	1.46	1.43	1.38	1.31	1.21	1.10	0.97	0.83	0.68	0.53	0.38	0.24	0.10	-0.02	-0.13	-0.22	-0.29	-0.34	-0.37	-0.37	-0.36	-0.33	-0.29	-0.23	-0.16	-0.09	-0.01	0.07	0.15	0.22	0.29	0.34	0.39	0.41	0.43	0.43	0.42	0.40	0.36	0.32	0.26	0.21	0.15	0.08	0.02	-0.03	-0.08	-0.13	-0.16	-0.19	-0.21	-0.22	
Q91VW3_43-94	1.30	1.28	1.23	1.16	1.08	0.97	0.86	0.73	0.59	0.45	0.32	0.19	0.06	-0.05	-0.14	-0.22	-0.29	-0.33	-0.35	-0.36	-0.34	-0.31	-0.27	-0.21	-0.14	-0.07	0.01	0.09	0.16	0.23	0.29	0.34	0.38	0.41	0.42	0.43	0.41	0.39	0.35	0.31	0.26	0.20	0.14	0.08	0.02	-0.04	-0.09	-0.13	-0.17	-0.20	-0.22	-0.23	
Q91VW3_43-94	0.92	0.90	0.87	0.83	0.77	0.70	0.62	0.53	0.44	0.35	0.25	0.16	0.07	-0.02	-0.09	-0.16	-0.21	-0.26	-0.29	-0.31	-0.32	-0.31	-0.30	-0.28	-0.25	-0.21	-0.17	-0.13	-0.08	-0.04	0.00	0.04	0.07	0.10	0.12	0.13	0.14	0.14	0.14	0.13	0.11	0.09	0.07	0.05	0.03	0.00	-0.02	-0.04	-0.06	-0.07	-0.08	-0.08	
Q91VW3_43-94	1.15	1.13	1.10	1.04	0.97	0.89	0.79	0.68	0.57	0.45	0.34	0.22	0.11	0.01	-0.08	-0.16	-0.23	-0.29	-0.33	-0.36	-0.37	-0.37	-0.35	-0.33	-0.30	-0.26	-0.21	-0.16	-0.12	-0.07	-0.02	0.02	0.05	0.08	0.10	0.11	0.12	0.12	0.11	0.10	0.08	0.05	0.03	0.00	-0.02	-0.05	-0.07	-0.09	-0.10	-0.11	-0.11	-0.11	
Q91VW3_43-94	1.20	1.18	1.15	1.10	1.04	0.96	0.88	0.78	0.68	0.58	0.47	0.36	0.26	0.17	0.08	-0.00	-0.07	-0.13	-0.18	-0.22	-0.24	-0.26	-0.26	-0.26	-0.24	-0.22	-0.20	-0.17	-0.14	-0.11	-0.08	-0.05	-0.03	-0.01	0.01	0.02	0.02	0.02	0.02	0.01	-0.00	-0.02	-0.03	-0.05	-0.06	-0.08	-0.09	-0.10	-0.11	-0.11	-0.11	-0.10	
Q91VW3_43-94	1.18	1.17	1.14	1.10	1.04	0.98	0.90	0.82	0.73	0.64	0.54	0.44	0.35	0.25	0.17	0.08	0.01	-0.06	-0.11	-0.16	-0.20	-0.23	-0.25	-0.26	-0.26	-0.26	-0.25	-0.24	-0.22	-0.20	-0.18	-0.16	-0.14	-0.12	-0.11	-0.09	-0.08	-0.07	-0.06	-0.06	-0.06	-0.06	-0.06	-0.06	-0.06	-0.06	-0.06	-0.06	-0.06	-0.06	-0.05	-0.04	
Q91VW3_43-94	1.23	1.21	1.18	1.13	1.06	0.98	0.89	0.79	0.69	0.58	0.47	0.36	0.26	0.16	0.07	-0.01	-0.08	-0.14	-0.18	-0.21	-0.23	-0.24	-0.23	-0.21	-0.19	-0.16	-0.12	-0.08	-0.04	0.00	0.04	0.08	0.11	0.14	0.16	0.17	0.17	0.17	0.16	0.15	0.13	0.10	0.08	0.05	0.02	-0.01	-0.04	-0.06	-0.08	-0.10	-0.11	-0.12	
Q91VW3_43-94	0.69	0.68	0.66	0.63	0.59	0.55	0.49	0.44	0.38	0.31	0.25	0.19	0.13	0.07	0.02	-0.02	-0.06	-0.09	-0.11	-0.12	-0.12	-0.12	-0.11	-0.09	-0.07	-0.04	-0.01	0.03	0.06	0.10	0.13	0.16	0.19	0.21	0.23	0.24	0.25	0.26	0.25	0.25	0.23	0.22	0.20	0.18	0.15	0.13	0.10	0.08	0.05	0.03	0.01	-0.01	
Q91VW3_43-94	1.15	1.13	1.09	1.03	0.96	0.87	0.77	0.66	0.54	0.43	0.31	0.19	0.08	-0.02	-0.11	-0.18	-0.25	-0.30	-0.33	-0.35	-0.35	-0.34	-0.32	-0.28	-0.24	-0.20	-0.15	-0.09	-0.04	0.00	0.05	0.09	0.11	0.14	0.15	0.15	0.15	0.14	0.12	0.10	0.07	0.04	0.00	-0.03	-0.06	-0.09	-0.11	-0.13	-0.15	-0.16	-0.16	-0.15	
Q91VW3_43-94	1.64	1.62	1.57	1.51	1.42	1.32	1.20	1.07	0.93	0.78	0.64	0.50	0.36	0.23	0.11	0.00	-0.09	-0.17	-0.22	-0.27	-0.29	-0.30	-0.30	-0.28	-0.25	-0.22	-0.18	-0.13	-0.08	-0.04	0.01	0.04	0.08	0.10	0.12	0.13	0.13	0.12	0.11	0.09	0.06	0.03	-0.00	-0.03	-0.07	-0.10	-0.13	-0.15	-0.17	-0.18	-0.19	-0.18	
