Q9D1D6_1-52	1.49	1.47	1.42	1.35	1.26	1.16	1.03	0.90	0.76	0.62	0.47	0.33	0.19	0.06	-0.05	-0.16	-0.24	-0.31	-0.36	-0.39	-0.41	-0.40	-0.39	-0.36	-0.32	-0.27	-0.21	-0.16	-0.10	-0.04	0.01	0.05	0.09	0.12	0.13	0.14	0.14	0.13	0.11	0.08	0.04	0.00	-0.04	-0.08	-0.12	-0.16	-0.20	-0.23	-0.25	-0.26	-0.27	-0.26	
Q9D1D6_1-52	1.36	1.34	1.30	1.23	1.15	1.05	0.94	0.82	0.69	0.56	0.42	0.29	0.17	0.05	-0.06	-0.15	-0.23	-0.29	-0.33	-0.36	-0.38	-0.37	-0.36	-0.33	-0.30	-0.25	-0.20	-0.15	-0.10	-0.05	-0.00	0.04	0.07	0.09	0.11	0.12	0.11	0.10	0.08	0.06	0.03	-0.01	-0.05	-0.08	-0.12	-0.15	-0.18	-0.21	-0.22	-0.23	-0.23	-0.23	
Q9D1D6_1-52	1.02	1.00	0.97	0.92	0.86	0.79	0.70	0.61	0.51	0.41	0.31	0.21	0.12	0.03	-0.05	-0.12	-0.18	-0.22	-0.26	-0.28	-0.29	-0.30	-0.29	-0.27	-0.25	-0.22	-0.18	-0.15	-0.12	-0.09	-0.06	-0.04	-0.02	-0.01	-0.00	-0.01	-0.01	-0.03	-0.05	-0.07	-0.10	-0.13	-0.15	-0.18	-0.20	-0.23	-0.24	-0.25	-0.26	-0.26	-0.25	-0.23	
Q9D1D6_1-52	1.26	1.24	1.20	1.15	1.07	0.99	0.89	0.78	0.67	0.55	0.43	0.32	0.20	0.10	0.00	-0.08	-0.15	-0.21	-0.26	-0.29	-0.31	-0.32	-0.31	-0.30	-0.27	-0.24	-0.21	-0.17	-0.14	-0.10	-0.07	-0.04	-0.02	-0.01	-0.00	-0.00	-0.01	-0.03	-0.05	-0.07	-0.10	-0.13	-0.17	-0.20	-0.23	-0.25	-0.27	-0.29	-0.30	-0.30	-0.29	-0.28	
Q9D1D6_1-52	1.11	1.09	1.06	1.01	0.95	0.87	0.79	0.69	0.59	0.49	0.39	0.29	0.19	0.10	0.01	-0.06	-0.12	-0.17	-0.21	-0.24	-0.25	-0.25	-0.24	-0.22	-0.19	-0.16	-0.12	-0.08	-0.03	0.01	0.06	0.10	0.13	0.16	0.19	0.20	0.21	0.22	0.22	0.21	0.20	0.18	0.16	0.13	0.11	0.08	0.06	0.03	0.01	-0.01	-0.03	-0.04	
Q9D1D6_1-52	1.03	1.02	0.98	0.94	0.88	0.81	0.73	0.64	0.54	0.45	0.35	0.25	0.16	0.08	0.00	-0.07	-0.12	-0.16	-0.20	-0.22	-0.22	-0.22	-0.20	-0.18	-0.15	-0.11	-0.07	-0.03	0.02	0.06	0.10	0.14	0.17	0.20	0.23	0.24	0.25	0.26	0.25	0.25	0.24	0.22	0.20	0.18	0.16	0.14	0.12	0.10	0.09	0.07	0.06	0.05	
Q9D1D6_1-52	0.99	0.97	0.94	0.88	0.81	0.72	0.63	0.52	0.41	0.30	0.19	0.08	-0.02	-0.11	-0.19	-0.25	-0.30	-0.34	-0.35	-0.36	-0.34	-0.31	-0.27	-0.22	-0.16	-0.10	-0.03	0.04	0.11	0.17	0.23	0.28	0.32	0.36	0.38	0.39	0.39	0.38	0.37	0.34	0.31	0.28	0.24	0.20	0.16	0.12	0.08	0.05	0.02	-0.00	-0.02	-0.03	
Q9D1D6_1-52	0.54	0.52	0.49	0.45	0.40	0.34	0.28	0.20	0.13	0.05	-0.02	-0.09	-0.15	-0.21	-0.25	-0.28	-0.30	-0.30	-0.30	-0.28	-0.25	-0.21	-0.16	-0.11	-0.05	0.01	0.07	0.13	0.19	0.24	0.28	0.31	0.34	0.35	0.36	0.35	0.34	0.31	0.28	0.25	0.21	0.16	0.12	0.08	0.03	-0.00	-0.04	-0.06	-0.09	-0.10	-0.11	-0.11	
Q9D1D6_1-52	1.37	1.35	1.31	1.26	1.19	1.11	1.02	0.91	0.80	0.69	0.57	0.45	0.34	0.23	0.12	0.03	-0.05	-0.13	-0.19	-0.24	-0.27	-0.30	-0.31	-0.32	-0.32	-0.31	-0.29	-0.28	-0.25	-0.23	-0.21	-0.20	-0.18	-0.17	-0.16	-0.16	-0.16	-0.16	-0.17	-0.19	-0.20	-0.21	-0.23	-0.24	-0.26	-0.27	-0.27	-0.28	-0.27	-0.27	-0.25	-0.24	
Q9D1D6_1-52	1.40	1.38	1.33	1.26	1.17	1.06	0.93	0.80	0.66	0.51	0.37	0.23	0.09	-0.03	-0.13	-0.23	-0.30	-0.35	-0.38	-0.39	-0.39	-0.36	-0.32	-0.27	-0.20	-0.13	-0.04	0.04	0.12	0.20	0.28	0.34	0.40	0.44	0.48	0.50	0.51	0.50	0.49	0.46	0.43	0.39	0.35	0.30	0.25	0.20	0.15	0.11	0.07	0.04	0.01	-0.01	
Q9D1D6_20-71	1.32	1.30	1.27	1.23	1.16	1.09	1.00	0.91	0.81	0.70	0.60	0.49	0.38	0.28	0.18	0.09	0.01	-0.06	-0.12	-0.17	-0.21	-0.24	-0.26	-0.26	-0.26	-0.25	-0.23	-0.21	-0.19	-0.16	-0.13	-0.09	-0.06	-0.04	-0.01	0.01	0.03	0.04	0.05	0.06	0.06	0.06	0.06	0.06	0.05	0.05	0.04	0.03	0.03	0.02	0.02	0.02	
Q9D1D6_20-71	1.18	1.17	1.14	1.10	1.04	0.98	0.90	0.82	0.73	0.64	0.55	0.45	0.36	0.27	0.18	0.10	0.03	-0.03	-0.09	-0.13	-0.17	-0.19	-0.21	-0.22	-0.22	-0.21	-0.20	-0.18	-0.16	-0.14	-0.11	-0.08	-0.06	-0.04	-0.02	0.00	0.02	0.03	0.04	0.04	0.05	0.05	0.05	0.04	0.04	0.03	0.03	0.02	0.02	0.02	0.02	0.02	
Q9D1D6_20-71	0.98	0.97	0.94	0.90	0.85	0.79	0.71	0.64	0.55	0.46	0.38	0.29	0.20	0.12	0.05	-0.02	-0.08	-0.13	-0.17	-0.20	-0.22	-0.23	-0.23	-0.22	-0.21	-0.19	-0.16	-0.13	-0.10	-0.07	-0.03	-0.00	0.03	0.05	0.07	0.09	0.11	0.12	0.12	0.12	0.12	0.12	0.11	0.10	0.09	0.08	0.07	0.06	0.06	0.05	0.05	0.04	
Q9D1D6_20-71	1.20	1.18	1.15	1.10	1.04	0.96	0.87	0.78	0.67	0.57	0.46	0.35	0.24	0.14	0.05	-0.03	-0.10	-0.16	-0.21	-0.25	-0.27	-0.28	-0.28	-0.27	-0.25	-0.23	-0.19	-0.15	-0.11	-0.07	-0.03	0.02	0.05	0.09	0.12	0.14	0.16	0.17	0.18	0.18	0.18	0.17	0.16	0.15	0.13	0.11	0.10	0.08	0.06	0.05	0.04	0.03	
Q9D1D6_20-71	1.26	1.23	1.19	1.12	1.04	0.94	0.83	0.71	0.58	0.45	0.31	0.19	0.07	-0.04	-0.14	-0.22	-0.29	-0.33	-0.36	-0.38	-0.37	-0.36	-0.32	-0.28	-0.23	-0.17	-0.11	-0.05	0.01	0.07	0.11	0.15	0.18	0.20	0.20	0.20	0.18	0.16	0.12	0.08	0.03	-0.02	-0.07	-0.12	-0.17	-0.22	-0.25	-0.28	-0.31	-0.32	-0.33	-0.32	
Q9D1D6_20-71	1.26	1.24	1.19	1.12	1.03	0.92	0.80	0.67	0.53	0.39	0.25	0.12	-0.01	-0.12	-0.22	-0.30	-0.37	-0.41	-0.44	-0.44	-0.43	-0.40	-0.36	-0.30	-0.24	-0.17	-0.10	-0.03	0.04	0.10	0.15	0.20	0.23	0.25	0.25	0.24	0.22	0.19	0.15	0.10	0.04	-0.02	-0.08	-0.14	-0.20	-0.25	-0.29	-0.33	-0.36	-0.37	-0.38	-0.38	
Q9D1D6_20-71	1.09	1.07	1.04	0.98	0.92	0.83	0.74	0.64	0.53	0.42	0.31	0.20	0.10	0.00	-0.09	-0.16	-0.23	-0.28	-0.32	-0.34	-0.35	-0.35	-0.34	-0.32	-0.30	-0.27	-0.23	-0.20	-0.16	-0.13	-0.10	-0.07	-0.05	-0.04	-0.03	-0.04	-0.04	-0.06	-0.08	-0.10	-0.12	-0.15	-0.17	-0.20	-0.22	-0.24	-0.25	-0.26	-0.26	-0.26	-0.25	-0.23	
Q9D1D6_20-71	0.51	0.51	0.49	0.47	0.44	0.41	0.37	0.32	0.28	0.23	0.18	0.13	0.08	0.03	-0.02	-0.06	-0.09	-0.13	-0.16	-0.18	-0.20	-0.22	-0.23	-0.24	-0.24	-0.24	-0.24	-0.24	-0.23	-0.23	-0.22	-0.21	-0.21	-0.20	-0.20	-0.19	-0.19	-0.18	-0.18	-0.17	-0.17	-0.16	-0.15	-0.14	-0.13	-0.12	-0.10	-0.09	-0.07	-0.05	-0.03	-0.01	
Q9D1D6_20-71	1.27	1.26	1.22	1.17	1.10	1.02	0.93	0.82	0.72	0.60	0.49	0.38	0.27	0.17	0.08	0.00	-0.06	-0.12	-0.16	-0.18	-0.20	-0.20	-0.19	-0.16	-0.13	-0.09	-0.05	0.00	0.05	0.10	0.14	0.19	0.22	0.25	0.28	0.29	0.30	0.30	0.29	0.28	0.26	0.23	0.20	0.17	0.14	0.10	0.07	0.04	0.01	-0.01	-0.03	-0.04	
Q9D1D6_20-71	1.57	1.55	1.49	1.41	1.31	1.19	1.05	0.90	0.73	0.57	0.40	0.24	0.09	-0.05	-0.18	-0.29	-0.38	-0.45	-0.50	-0.53	-0.53	-0.52	-0.50	-0.46	-0.40	-0.34	-0.28	-0.21	-0.15	-0.09	-0.03	0.01	0.05	0.07	0.08	0.08	0.07	0.04	0.01	-0.03	-0.08	-0.13	-0.18	-0.23	-0.28	-0.32	-0.35	-0.38	-0.40	-0.41	-0.40	-0.39	
Q9D1D6_26-77	1.21	1.20	1.17	1.13	1.07	1.00	0.93	0.84	0.75	0.66	0.56	0.46	0.37	0.28	0.19	0.11	0.04	-0.02	-0.07	-0.12	-0.15	-0.18	-0.19	-0.20	-0.20	-0.20	-0.19	-0.18	-0.16	-0.15	-0.13	-0.11	-0.10	-0.09	-0.08	-0.08	-0.07	-0.07	-0.08	-0.08	-0.09	-0.09	-0.10	-0.11	-0.12	-0.12	-0.13	-0.13	-0.13	-0.12	-0.11	-0.11	
Q9D1D6_26-77	1.08	1.07	1.04	1.00	0.96	0.90	0.83	0.75	0.68	0.59	0.51	0.42	0.34	0.26	0.19	0.12	0.06	0.00	-0.04	-0.08	-0.11	-0.13	-0.15	-0.16	-0.16	-0.15	-0.15	-0.14	-0.13	-0.11	-0.10	-0.09	-0.08	-0.07	-0.07	-0.06	-0.06	-0.07	-0.07	-0.08	-0.08	-0.09	-0.10	-0.10	-0.11	-0.11	-0.12	-0.12	-0.11	-0.11	-0.10	-0.09	
Q9D1D6_26-77	0.93	0.92	0.89	0.85	0.80	0.74	0.67	0.59	0.51	0.42	0.34	0.25	0.17	0.09	0.02	-0.04	-0.09	-0.14	-0.17	-0.20	-0.21	-0.22	-0.22	-0.21	-0.20	-0.18	-0.16	-0.14	-0.12	-0.10	-0.08	-0.06	-0.05	-0.04	-0.03	-0.03	-0.03	-0.03	-0.03	-0.04	-0.05	-0.06	-0.07	-0.07	-0.08	-0.08	-0.08	-0.08	-0.07	-0.06	-0.05	-0.03	
Q9D1D6_26-77	1.15	1.13	1.09	1.04	0.98	0.90	0.81	0.71	0.61	0.50	0.39	0.29	0.19	0.09	0.00	-0.08	-0.14	-0.20	-0.24	-0.28	-0.29	-0.30	-0.30	-0.29	-0.27	-0.25	-0.22	-0.19	-0.16	-0.13	-0.10	-0.07	-0.05	-0.03	-0.02	-0.01	-0.01	-0.01	-0.01	-0.02	-0.03	-0.04	-0.05	-0.06	-0.07	-0.08	-0.08	-0.08	-0.08	-0.07	-0.06	-0.05	
Q9D1D6_26-77	1.33	1.31	1.26	1.20	1.11	1.01	0.90	0.77	0.64	0.50	0.36	0.23	0.10	-0.01	-0.12	-0.21	-0.28	-0.34	-0.37	-0.39	-0.40	-0.38	-0.35	-0.31	-0.26	-0.20	-0.13	-0.06	0.01	0.08	0.14	0.19	0.24	0.27	0.30	0.31	0.31	0.30	0.28	0.25	0.21	0.17	0.12	0.07	0.02	-0.04	-0.08	-0.13	-0.17	-0.20	-0.22	-0.23	
Q9D1D6_26-77	1.37	1.35	1.30	1.23	1.14	1.03	0.91	0.77	0.63	0.48	0.34	0.19	0.06	-0.06	-0.17	-0.27	-0.34	-0.40	-0.44	-0.46	-0.45	-0.43	-0.40	-0.34	-0.28	-0.21	-0.13	-0.05	0.03	0.11	0.18	0.24	0.30	0.34	0.37	0.38	0.39	0.38	0.36	0.32	0.28	0.23	0.18	0.12	0.06	0.01	-0.05	-0.10	-0.14	-0.17	-0.20	-0.22	
Q9D1D6_26-77	1.17	1.15	1.12	1.07	1.00	0.92	0.84	0.74	0.63	0.53	0.42	0.31	0.21	0.11	0.03	-0.05	-0.12	-0.17	-0.21	-0.23	-0.25	-0.25	-0.24	-0.22	-0.19	-0.16	-0.12	-0.08	-0.04	-0.00	0.03	0.06	0.09	0.11	0.12	0.12	0.12	0.10	0.08	0.06	0.03	-0.01	-0.04	-0.08	-0.12	-0.15	-0.18	-0.21	-0.23	-0.25	-0.26	-0.26	
Q9D1D6_26-77	0.54	0.53	0.52	0.50	0.48	0.45	0.42	0.39	0.35	0.31	0.27	0.23	0.18	0.14	0.11	0.07	0.04	0.00	-0.02	-0.05	-0.07	-0.08	-0.10	-0.11	-0.11	-0.12	-0.12	-0.12	-0.12	-0.12	-0.12	-0.12	-0.12	-0.12	-0.12	-0.13	-0.13	-0.14	-0.14	-0.15	-0.16	-0.17	-0.18	-0.19	-0.20	-0.20	-0.21	-0.21	-0.22	-0.22	-0.21	-0.21	
Q9D1D6_26-77	1.21	1.19	1.15	1.10	1.02	0.94	0.84	0.73	0.62	0.50	0.38	0.27	0.16	0.05	-0.04	-0.12	-0.18	-0.23	-0.27	-0.29	-0.30	-0.30	-0.28	-0.25	-0.22	-0.18	-0.13	-0.09	-0.04	0.01	0.05	0.08	0.11	0.14	0.16	0.16	0.17	0.16	0.15	0.14	0.12	0.10	0.08	0.06	0.04	0.02	0.00	-0.01	-0.01	-0.02	-0.01	-0.01	
Q9D1D6_26-77	1.71	1.68	1.63	1.55	1.45	1.33	1.19	1.04	0.88	0.71	0.55	0.39	0.23	0.09	-0.04	-0.16	-0.25	-0.33	-0.39	-0.42	-0.43	-0.43	-0.40	-0.37	-0.31	-0.25	-0.18	-0.11	-0.04	0.03	0.09	0.15	0.20	0.24	0.26	0.27	0.27	0.26	0.24	0.20	0.16	0.11	0.05	-0.00	-0.06	-0.12	-0.17	-0.22	-0.26	-0.29	-0.31	-0.32	
Q9D1D6_45-96	0.99	0.98	0.95	0.90	0.85	0.78	0.71	0.62	0.54	0.45	0.37	0.28	0.20	0.13	0.07	0.02	-0.02	-0.04	-0.06	-0.07	-0.06	-0.04	-0.02	0.01	0.04	0.08	0.12	0.15	0.18	0.21	0.23	0.25	0.26	0.25	0.24	0.23	0.20	0.17	0.13	0.09	0.05	0.01	-0.03	-0.07	-0.11	-0.14	-0.16	-0.18	-0.19	-0.19	-0.18	-0.17	
Q9D1D6_45-96	0.84	0.83	0.80	0.77	0.72	0.66	0.60	0.53	0.46	0.39	0.31	0.24	0.18	0.12	0.07	0.02	-0.01	-0.04	-0.05	-0.06	-0.05	-0.04	-0.03	-0.00	0.03	0.06	0.09	0.12	0.15	0.17	0.19	0.21	0.21	0.22	0.21	0.20	0.18	0.15	0.12	0.09	0.06	0.02	-0.02	-0.05	-0.08	-0.11	-0.13	-0.15	-0.16	-0.16	-0.16	-0.15	
Q9D1D6_45-96	0.81	0.80	0.78	0.75	0.70	0.65	0.60	0.53	0.47	0.40	0.33	0.26	0.20	0.14	0.08	0.04	-0.00	-0.04	-0.06	-0.07	-0.08	-0.08	-0.07	-0.06	-0.04	-0.02	0.00	0.02	0.05	0.07	0.09	0.11	0.12	0.13	0.14	0.14	0.14	0.13	0.12	0.10	0.08	0.06	0.04	0.02	-0.00	-0.02	-0.04	-0.05	-0.07	-0.08	-0.08	-0.09	
Q9D1D6_45-96	1.03	1.02	0.99	0.95	0.90	0.83	0.76	0.68	0.60	0.51	0.43	0.34	0.26	0.18	0.11	0.05	-0.01	-0.05	-0.08	-0.11	-0.12	-0.13	-0.12	-0.11	-0.09	-0.07	-0.04	-0.02	0.01	0.04	0.07	0.09	0.11	0.12	0.13	0.14	0.14	0.13	0.12	0.11	0.09	0.07	0.05	0.02	0.00	-0.02	-0.04	-0.06	-0.08	-0.09	-0.10	-0.11	
Q9D1D6_45-96	1.54	1.51	1.46	1.39	1.29	1.18	1.05	0.90	0.75	0.59	0.44	0.28	0.13	-0.01	-0.13	-0.24	-0.34	-0.41	-0.47	-0.51	-0.53	-0.53	-0.51	-0.48	-0.44	-0.39	-0.33	-0.27	-0.20	-0.14	-0.08	-0.03	0.02	0.06	0.09	0.10	0.11	0.11	0.10	0.08	0.06	0.03	-0.00	-0.04	-0.07	-0.10	-0.13	-0.16	-0.17	-0.18	-0.19	-0.19	
Q9D1D6_45-96	1.64	1.61	1.56	1.48	1.38	1.26	1.13	0.98	0.82	0.66	0.49	0.33	0.17	0.02	-0.12	-0.24	-0.34	-0.43	-0.49	-0.54	-0.57	-0.58	-0.57	-0.55	-0.51	-0.46	-0.41	-0.34	-0.28	-0.21	-0.15	-0.09	-0.04	0.00	0.04	0.07	0.08	0.09	0.09	0.08	0.07	0.05	0.02	-0.01	-0.04	-0.06	-0.09	-0.11	-0.13	-0.14	-0.15	-0.15	
Q9D1D6_45-96	1.22	1.20	1.16	1.10	1.03	0.94	0.84	0.73	0.61	0.49	0.37	0.26	0.14	0.04	-0.06	-0.14	-0.21	-0.26	-0.30	-0.32	-0.33	-0.32	-0.30	-0.27	-0.24	-0.19	-0.14	-0.09	-0.04	0.01	0.06	0.10	0.14	0.16	0.18	0.19	0.19	0.18	0.17	0.14	0.12	0.09	0.05	0.02	-0.01	-0.04	-0.07	-0.09	-0.11	-0.11	-0.12	-0.11	
Q9D1D6_45-96	0.59	0.58	0.56	0.52	0.48	0.43	0.38	0.32	0.26	0.19	0.13	0.07	0.02	-0.02	-0.06	-0.09	-0.11	-0.12	-0.12	-0.11	-0.10	-0.07	-0.04	-0.00	0.04	0.08	0.12	0.16	0.20	0.23	0.26	0.28	0.29	0.29	0.29	0.28	0.26	0.23	0.20	0.16	0.13	0.09	0.05	0.01	-0.03	-0.06	-0.08	-0.10	-0.11	-0.11	-0.11	-0.09	
Q9D1D6_45-96	1.12	1.10	1.07	1.02	0.96	0.88	0.80	0.71	0.61	0.51	0.40	0.30	0.20	0.11	0.03	-0.05	-0.11	-0.16	-0.20	-0.23	-0.25	-0.25	-0.25	-0.24	-0.22	-0.19	-0.16	-0.13	-0.10	-0.06	-0.03	-0.00	0.02	0.04	0.05	0.06	0.06	0.06	0.05	0.03	0.02	-0.00	-0.02	-0.04	-0.06	-0.08	-0.10	-0.12	-0.13	-0.14	-0.15	-0.15	
Q9D1D6_45-96	1.82	1.80	1.74	1.65	1.54	1.41	1.26	1.10	0.92	0.74	0.56	0.39	0.22	0.06	-0.08	-0.20	-0.31	-0.39	-0.45	-0.49	-0.51	-0.51	-0.48	-0.45	-0.40	-0.34	-0.27	-0.20	-0.13	-0.07	-0.00	0.05	0.10	0.13	0.16	0.17	0.17	0.16	0.14	0.11	0.08	0.04	-0.00	-0.04	-0.08	-0.12	-0.15	-0.17	-0.18	-0.19	-0.18	-0.17	
Q9D1D6_51-102	1.03	1.01	0.97	0.91	0.83	0.75	0.65	0.54	0.43	0.31	0.20	0.10	0.00	-0.09	-0.16	-0.22	-0.26	-0.28	-0.29	-0.28	-0.26	-0.22	-0.17	-0.12	-0.05	0.02	0.08	0.15	0.21	0.26	0.31	0.34	0.36	0.37	0.36	0.35	0.32	0.28	0.23	0.18	0.12	0.06	-0.00	-0.06	-0.11	-0.16	-0.20	-0.23	-0.26	-0.27	-0.27	-0.26	
Q9D1D6_51-102	0.89	0.87	0.84	0.79	0.72	0.64	0.55	0.46	0.36	0.26	0.16	0.07	-0.02	-0.09	-0.15	-0.20	-0.24	-0.26	-0.27	-0.26	-0.24	-0.20	-0.16	-0.11	-0.05	0.01	0.07	0.13	0.18	0.23	0.27	0.30	0.31	0.32	0.32	0.30	0.28	0.24	0.20	0.15	0.10	0.05	-0.00	-0.06	-0.10	-0.14	-0.18	-0.21	-0.22	-0.23	-0.24	-0.23	
Q9D1D6_51-102	0.76	0.74	0.72	0.69	0.64	0.59	0.53	0.47	0.40	0.33	0.26	0.19	0.13	0.07	0.01	-0.03	-0.07	-0.10	-0.13	-0.14	-0.15	-0.14	-0.13	-0.12	-0.09	-0.07	-0.04	-0.01	0.02	0.04	0.07	0.09	0.11	0.12	0.13	0.14	0.13	0.13	0.12	0.10	0.09	0.07	0.05	0.03	0.01	-0.01	-0.02	-0.04	-0.05	-0.05	-0.06	-0.06	
Q9D1D6_51-102	0.95	0.94	0.91	0.87	0.82	0.77	0.70	0.63	0.55	0.47	0.38	0.30	0.22	0.15	0.08	0.02	-0.03	-0.07	-0.11	-0.13	-0.15	-0.15	-0.15	-0.14	-0.12	-0.10	-0.07	-0.05	-0.02	0.01	0.04	0.07	0.09	0.11	0.12	0.13	0.14	0.13	0.13	0.12	0.11	0.09	0.08	0.06	0.04	0.02	0.01	-0.01	-0.02	-0.03	-0.04	-0.04	
Q9D1D6_51-102	1.58	1.55	1.51	1.44	1.35	1.24	1.12	0.98	0.84	0.69	0.54	0.40	0.25	0.12	-0.01	-0.12	-0.21	-0.29	-0.36	-0.40	-0.43	-0.44	-0.43	-0.42	-0.39	-0.35	-0.30	-0.25	-0.19	-0.14	-0.09	-0.04	0.01	0.04	0.07	0.09	0.10	0.10	0.10	0.08	0.07	0.04	0.01	-0.02	-0.05	-0.08	-0.11	-0.14	-0.16	-0.17	-0.19	-0.19	
Q9D1D6_51-102	1.63	1.61	1.57	1.50	1.42	1.32	1.20	1.08	0.94	0.80	0.65	0.51	0.37	0.23	0.10	-0.01	-0.12	-0.21	-0.28	-0.34	-0.39	-0.41	-0.43	-0.43	-0.42	-0.39	-0.36	-0.32	-0.28	-0.23	-0.19	-0.14	-0.10	-0.06	-0.02	0.00	0.03	0.04	0.05	0.05	0.05	0.04	0.03	0.01	-0.01	-0.03	-0.05	-0.07	-0.08	-0.10	-0.11	-0.11	
Q9D1D6_51-102	1.25	1.22	1.18	1.12	1.04	0.94	0.84	0.72	0.59	0.46	0.34	0.21	0.09	-0.02	-0.12	-0.20	-0.27	-0.33	-0.37	-0.39	-0.39	-0.39	-0.36	-0.33	-0.29	-0.24	-0.18	-0.13	-0.07	-0.02	0.03	0.07	0.11	0.13	0.15	0.16	0.15	0.14	0.12	0.09	0.06	0.03	-0.01	-0.05	-0.09	-0.12	-0.15	-0.18	-0.20	-0.21	-0.22	-0.22	
Q9D1D6_51-102	0.63	0.61	0.58	0.54	0.48	0.41	0.34	0.25	0.17	0.08	-0.01	-0.09	-0.16	-0.22	-0.28	-0.32	-0.35	-0.36	-0.36	-0.35	-0.32	-0.29	-0.24	-0.19	-0.13	-0.07	-0.01	0.05	0.11	0.16	0.21	0.24	0.27	0.28	0.29	0.28	0.27	0.24	0.21	0.17	0.12	0.07	0.02	-0.03	-0.07	-0.12	-0.16	-0.19	-0.21	-0.23	-0.24	-0.25	
Q9D1D6_51-102	1.09	1.08	1.05	1.00	0.95	0.88	0.80	0.72	0.63	0.53	0.44	0.34	0.25	0.17	0.09	0.02	-0.05	-0.10	-0.14	-0.17	-0.19	-0.20	-0.19	-0.19	-0.17	-0.15	-0.12	-0.09	-0.06	-0.03	-0.00	0.03	0.05	0.07	0.08	0.09	0.09	0.09	0.09	0.08	0.06	0.05	0.03	0.01	-0.01	-0.02	-0.04	-0.05	-0.06	-0.07	-0.07	-0.07	
Q9D1D6_51-102	1.79	1.77	1.71	1.63	1.53	1.40	1.26	1.10	0.94	0.76	0.59	0.42	0.26	0.10	-0.04	-0.16	-0.27	-0.35	-0.42	-0.46	-0.49	-0.49	-0.48	-0.45	-0.41	-0.36	-0.31	-0.24	-0.18	-0.12	-0.06	-0.00	0.04	0.08	0.10	0.12	0.12	0.11	0.10	0.07	0.04	0.00	-0.04	-0.08	-0.12	-0.16	-0.20	-0.23	-0.25	-0.27	-0.28	-0.29	
Q9D1D6_70-121	1.05	1.04	1.00	0.95	0.88	0.80	0.71	0.61	0.50	0.39	0.28	0.17	0.06	-0.04	-0.13	-0.22	-0.29	-0.35	-0.40	-0.44	-0.46	-0.47	-0.47	-0.46	-0.43	-0.40	-0.37	-0.33	-0.28	-0.24	-0.19	-0.15	-0.11	-0.07	-0.04	-0.01	0.01	0.03	0.04	0.05	0.05	0.05	0.05	0.04	0.04	0.03	0.02	0.02	0.02	0.02	0.02	0.03	
Q9D1D6_70-121	0.90	0.89	0.86	0.82	0.76	0.69	0.62	0.53	0.44	0.35	0.25	0.15	0.06	-0.02	-0.10	-0.18	-0.24	-0.29	-0.34	-0.37	-0.39	-0.40	-0.40	-0.39	-0.37	-0.35	-0.32	-0.29	-0.25	-0.22	-0.18	-0.15	-0.11	-0.08	-0.05	-0.03	-0.01	0.00	0.01	0.02	0.03	0.03	0.03	0.03	0.03	0.03	0.02	0.02	0.03	0.03	0.03	0.04	
Q9D1D6_70-121	0.86	0.84	0.81	0.77	0.71	0.64	0.56	0.47	0.38	0.28	0.19	0.10	0.02	-0.06	-0.13	-0.18	-0.23	-0.26	-0.28	-0.28	-0.28	-0.26	-0.24	-0.21	-0.17	-0.13	-0.08	-0.04	0.01	0.05	0.08	0.11	0.13	0.14	0.15	0.15	0.14	0.12	0.10	0.08	0.05	0.02	-0.01	-0.04	-0.07	-0.09	-0.11	-0.13	-0.13	-0.14	-0.14	-0.13	
Q9D1D6_70-121	1.04	1.02	0.98	0.93	0.86	0.77	0.68	0.58	0.47	0.36	0.25	0.14	0.04	-0.05	-0.12	-0.19	-0.24	-0.28	-0.30	-0.31	-0.30	-0.28	-0.25	-0.21	-0.16	-0.11	-0.05	-0.00	0.05	0.10	0.14	0.17	0.20	0.21	0.22	0.22	0.20	0.18	0.15	0.12	0.08	0.04	0.00	-0.04	-0.08	-0.11	-0.14	-0.17	-0.18	-0.19	-0.20	-0.19	
Q9D1D6_70-121	1.48	1.46	1.42	1.36	1.28	1.19	1.09	0.98	0.85	0.73	0.60	0.47	0.35	0.24	0.13	0.04	-0.05	-0.12	-0.17	-0.21	-0.24	-0.25	-0.25	-0.24	-0.22	-0.19	-0.15	-0.12	-0.07	-0.03	0.00	0.04	0.07	0.09	0.11	0.12	0.12	0.12	0.10	0.09	0.06	0.03	0.00	-0.03	-0.06	-0.09	-0.12	-0.14	-0.16	-0.17	-0.18	-0.18	
Q9D1D6_70-121	1.59	1.57	1.52	1.46	1.37	1.27	1.15	1.03	0.89	0.75	0.61	0.47	0.34	0.22	0.10	0.00	-0.08	-0.15	-0.20	-0.23	-0.25	-0.25	-0.24	-0.21	-0.17	-0.13	-0.08	-0.02	0.03	0.09	0.14	0.18	0.21	0.24	0.26	0.26	0.26	0.25	0.22	0.19	0.15	0.10	0.06	0.00	-0.05	-0.10	-0.14	-0.18	-0.22	-0.25	-0.27	-0.28	
Q9D1D6_70-121	1.21	1.19	1.16	1.11	1.05	0.97	0.88	0.79	0.68	0.58	0.47	0.36	0.25	0.15	0.05	-0.04	-0.11	-0.18	-0.23	-0.28	-0.31	-0.32	-0.33	-0.33	-0.31	-0.29	-0.27	-0.23	-0.20	-0.16	-0.12	-0.09	-0.05	-0.02	0.01	0.03	0.04	0.05	0.06	0.06	0.05	0.05	0.03	0.02	0.00	-0.01	-0.03	-0.05	-0.06	-0.07	-0.08	-0.08	
Q9D1D6_70-121	0.59	0.58	0.57	0.55	0.52	0.48	0.44	0.40	0.35	0.29	0.24	0.18	0.12	0.07	0.01	-0.05	-0.10	-0.15	-0.19	-0.23	-0.27	-0.30	-0.32	-0.34	-0.36	-0.37	-0.37	-0.37	-0.36	-0.35	-0.34	-0.32	-0.30	-0.28	-0.26	-0.23	-0.21	-0.18	-0.16	-0.13	-0.11	-0.09	-0.07	-0.05	-0.03	-0.01	-0.00	0.01	0.02	0.03	0.04	0.04	
Q9D1D6_70-121	1.06	1.04	1.01	0.96	0.89	0.82	0.73	0.63	0.53	0.43	0.33	0.23	0.14	0.06	-0.01	-0.08	-0.13	-0.16	-0.19	-0.20	-0.19	-0.18	-0.16	-0.13	-0.09	-0.05	-0.01	0.03	0.07	0.11	0.14	0.16	0.17	0.18	0.18	0.17	0.15	0.13	0.10	0.07	0.03	-0.00	-0.04	-0.07	-0.10	-0.12	-0.14	-0.16	-0.16	-0.16	-0.15	-0.14	
Q9D1D6_70-121	1.69	1.66	1.62	1.55	1.46	1.36	1.24	1.10	0.96	0.82	0.67	0.52	0.37	0.24	0.11	-0.00	-0.10	-0.19	-0.26	-0.31	-0.34	-0.36	-0.36	-0.35	-0.33	-0.29	-0.25	-0.20	-0.15	-0.10	-0.05	-0.00	0.04	0.08	0.10	0.12	0.14	0.14	0.14	0.12	0.10	0.08	0.05	0.02	-0.01	-0.04	-0.07	-0.10	-0.13	-0.15	-0.16	-0.17	
Q9D1D6_76-127	1.17	1.15	1.11	1.05	0.98	0.89	0.79	0.68	0.56	0.44	0.32	0.21	0.09	-0.01	-0.10	-0.19	-0.26	-0.31	-0.36	-0.38	-0.40	-0.40	-0.39	-0.37	-0.35	-0.31	-0.28	-0.24	-0.21	-0.17	-0.14	-0.12	-0.10	-0.08	-0.08	-0.08	-0.08	-0.09	-0.11	-0.13	-0.15	-0.17	-0.19	-0.21	-0.22	-0.23	-0.24	-0.24	-0.23	-0.22	-0.20	-0.17	
Q9D1D6_76-127	1.02	1.00	0.97	0.92	0.85	0.77	0.69	0.59	0.49	0.39	0.28	0.18	0.08	-0.01	-0.09	-0.16	-0.22	-0.26	-0.30	-0.32	-0.33	-0.33	-0.32	-0.30	-0.28	-0.25	-0.22	-0.19	-0.16	-0.13	-0.11	-0.09	-0.07	-0.07	-0.07	-0.07	-0.08	-0.09	-0.11	-0.13	-0.15	-0.17	-0.19	-0.21	-0.22	-0.23	-0.23	-0.23	-0.22	-0.20	-0.18	-0.15	
Q9D1D6_76-127	0.89	0.87	0.84	0.80	0.74	0.67	0.59	0.51	0.42	0.33	0.23	0.14	0.06	-0.02	-0.09	-0.15	-0.20	-0.24	-0.27	-0.28	-0.28	-0.27	-0.26	-0.23	-0.20	-0.16	-0.12	-0.07	-0.03	0.01	0.05	0.09	0.11	0.14	0.15	0.16	0.16	0.15	0.14	0.12	0.10	0.08	0.05	0.02	-0.01	-0.03	-0.06	-0.07	-0.09	-0.10	-0.11	-0.11	
Q9D1D6_76-127	1.06	1.04	1.01	0.95	0.88	0.80	0.71	0.60	0.50	0.38	0.27	0.17	0.06	-0.03	-0.12	-0.19	-0.25	-0.29	-0.32	-0.33	-0.33	-0.32	-0.30	-0.26	-0.22	-0.17	-0.11	-0.06	-0.00	0.05	0.10	0.14	0.18	0.21	0.23	0.24	0.24	0.23	0.22	0.19	0.17	0.13	0.10	0.06	0.03	-0.01	-0.04	-0.07	-0.09	-0.11	-0.12	-0.12	
Q9D1D6_76-127	1.41	1.39	1.35	1.29	1.22	1.13	1.03	0.92	0.80	0.68	0.56	0.44	0.32	0.21	0.10	0.01	-0.07	-0.13	-0.18	-0.22	-0.25	-0.26	-0.25	-0.24	-0.22	-0.19	-0.15	-0.11	-0.07	-0.03	0.01	0.05	0.08	0.11	0.12	0.14	0.14	0.13	0.12	0.11	0.08	0.06	0.03	-0.01	-0.04	-0.07	-0.10	-0.13	-0.15	-0.17	-0.19	-0.20	
Q9D1D6_76-127	1.49	1.46	1.42	1.36	1.28	1.19	1.08	0.96	0.83	0.70	0.57	0.44	0.31	0.19	0.08	-0.02	-0.11	-0.18	-0.24	-0.28	-0.30	-0.31	-0.30	-0.28	-0.25	-0.21	-0.16	-0.11	-0.05	0.00	0.06	0.11	0.16	0.20	0.24	0.26	0.28	0.28	0.28	0.27	0.25	0.22	0.19	0.15	0.11	0.07	0.03	-0.01	-0.05	-0.09	-0.12	-0.15	
Q9D1D6_76-127	1.20	1.19	1.15	1.10	1.04	0.96	0.88	0.78	0.68	0.57	0.46	0.36	0.25	0.15	0.06	-0.02	-0.09	-0.15	-0.20	-0.24	-0.26	-0.28	-0.28	-0.28	-0.26	-0.24	-0.22	-0.19	-0.16	-0.13	-0.10	-0.07	-0.04	-0.03	-0.01	-0.00	0.00	0.00	-0.00	-0.01	-0.03	-0.04	-0.06	-0.08	-0.10	-0.11	-0.13	-0.14	-0.15	-0.16	-0.16	-0.16	
Q9D1D6_76-127	0.66	0.66	0.64	0.62	0.59	0.55	0.51	0.47	0.42	0.37	0.32	0.26	0.21	0.16	0.11	0.07	0.02	-0.02	-0.05	-0.08	-0.11	-0.13	-0.15	-0.16	-0.17	-0.18	-0.19	-0.19	-0.19	-0.19	-0.20	-0.20	-0.20	-0.20	-0.20	-0.21	-0.21	-0.21	-0.22	-0.22	-0.22	-0.23	-0.23	-0.23	-0.23	-0.23	-0.22	-0.21	-0.20	-0.19	-0.18	-0.16	
Q9D1D6_76-127	1.09	1.07	1.03	0.97	0.90	0.82	0.73	0.62	0.52	0.41	0.30	0.19	0.09	0.00	-0.08	-0.14	-0.19	-0.23	-0.25	-0.26	-0.25	-0.23	-0.20	-0.16	-0.12	-0.06	-0.01	0.04	0.09	0.14	0.18	0.21	0.23	0.24	0.25	0.24	0.23	0.20	0.17	0.14	0.10	0.05	0.01	-0.03	-0.07	-0.10	-0.13	-0.15	-0.17	-0.18	-0.17	-0.16	
Q9D1D6_76-127	1.64	1.62	1.57	1.50	1.41	1.31	1.19	1.05	0.91	0.76	0.62	0.47	0.33	0.20	0.08	-0.03	-0.13	-0.20	-0.26	-0.31	-0.34	-0.35	-0.34	-0.33	-0.30	-0.26	-0.22	-0.18	-0.13	-0.08	-0.04	0.00	0.03	0.06	0.08	0.09	0.09	0.09	0.08	0.06	0.03	0.01	-0.02	-0.05	-0.08	-0.11	-0.14	-0.16	-0.18	-0.19	-0.19	-0.19	
Q9D1D6_95-146	1.30	1.28	1.24	1.18	1.11	1.02	0.92	0.81	0.69	0.57	0.45	0.33	0.21	0.11	0.01	-0.08	-0.15	-0.21	-0.26	-0.29	-0.30	-0.30	-0.29	-0.26	-0.22	-0.18	-0.13	-0.07	-0.02	0.04	0.10	0.15	0.19	0.23	0.26	0.28	0.29	0.30	0.29	0.28	0.26	0.23	0.20	0.16	0.13	0.09	0.05	0.02	-0.02	-0.04	-0.07	-0.09	
Q9D1D6_95-146	1.11	1.09	1.06	1.01	0.95	0.87	0.78	0.69	0.59	0.48	0.38	0.27	0.17	0.08	-0.01	-0.08	-0.14	-0.20	-0.23	-0.26	-0.27	-0.27	-0.26	-0.24	-0.20	-0.16	-0.12	-0.07	-0.02	0.03	0.08	0.12	0.16	0.20	0.23	0.25	0.26	0.26	0.26	0.25	0.24	0.21	0.19	0.16	0.13	0.10	0.07	0.04	0.01	-0.01	-0.03	-0.05	
Q9D1D6_95-146	1.02	1.01	0.97	0.93	0.86	0.79	0.71	0.61	0.52	0.42	0.31	0.21	0.12	0.03	-0.05	-0.12	-0.18	-0.23	-0.26	-0.28	-0.29	-0.29	-0.28	-0.26	-0.23	-0.19	-0.16	-0.11	-0.07	-0.03	0.01	0.04	0.07	0.09	0.11	0.12	0.12	0.12	0.11	0.10	0.08	0.05	0.03	0.00	-0.02	-0.04	-0.06	-0.08	-0.10	-0.10	-0.11	-0.11	
Q9D1D6_95-146	1.19	1.17	1.14	1.08	1.01	0.92	0.83	0.72	0.61	0.49	0.37	0.26	0.14	0.04	-0.05	-0.14	-0.21	-0.26	-0.30	-0.33	-0.35	-0.35	-0.34	-0.31	-0.28	-0.24	-0.20	-0.16	-0.11	-0.07	-0.02	0.01	0.05	0.07	0.09	0.10	0.10	0.10	0.09	0.07	0.05	0.02	-0.01	-0.03	-0.06	-0.09	-0.11	-0.13	-0.14	-0.15	-0.15	-0.15	
Q9D1D6_95-146	1.26	1.24	1.20	1.14	1.07	0.98	0.88	0.77	0.66	0.54	0.42	0.31	0.20	0.10	0.00	-0.08	-0.14	-0.20	-0.24	-0.26	-0.27	-0.27	-0.26	-0.24	-0.21	-0.17	-0.13	-0.09	-0.05	-0.01	0.02	0.05	0.07	0.08	0.09	0.09	0.08	0.06	0.04	0.02	-0.01	-0.04	-0.07	-0.10	-0.12	-0.14	-0.16	-0.17	-0.18	-0.18	-0.18	-0.16	
Q9D1D6_95-146	1.35	1.33	1.29	1.23	1.16	1.07	0.96	0.85	0.73	0.61	0.49	0.36	0.25	0.14	0.04	-0.05	-0.12	-0.18	-0.22	-0.26	-0.27	-0.28	-0.27	-0.25	-0.23	-0.20	-0.17	-0.13	-0.10	-0.06	-0.04	-0.01	0.01	0.02	0.02	0.01	0.00	-0.02	-0.04	-0.07	-0.10	-0.13	-0.16	-0.19	-0.21	-0.24	-0.25	-0.26	-0.27	-0.27	-0.26	-0.25	
Q9D1D6_95-146	1.11	1.10	1.06	1.02	0.96	0.88	0.80	0.71	0.61	0.51	0.41	0.31	0.22	0.13	0.05	-0.03	-0.09	-0.14	-0.18	-0.21	-0.22	-0.22	-0.22	-0.20	-0.18	-0.15	-0.12	-0.08	-0.04	-0.01	0.03	0.06	0.09	0.11	0.13	0.14	0.14	0.14	0.13	0.12	0.10	0.08	0.05	0.03	-0.00	-0.03	-0.05	-0.07	-0.09	-0.11	-0.12	-0.13	
Q9D1D6_95-146	0.57	0.57	0.55	0.53	0.50	0.47	0.43	0.39	0.34	0.30	0.25	0.20	0.16	0.11	0.07	0.03	0.00	-0.03	-0.05	-0.06	-0.08	-0.08	-0.08	-0.07	-0.06	-0.05	-0.03	-0.01	0.02	0.04	0.07	0.09	0.11	0.14	0.16	0.17	0.18	0.19	0.20	0.20	0.20	0.19	0.19	0.18	0.16	0.15	0.13	0.11	0.09	0.07	0.06	0.04	
Q9D1D6_95-146	1.17	1.15	1.11	1.05	0.97	0.88	0.78	0.67	0.55	0.43	0.31	0.19	0.08	-0.02	-0.12	-0.20	-0.27	-0.32	-0.35	-0.38	-0.38	-0.37	-0.36	-0.32	-0.29	-0.24	-0.19	-0.14	-0.08	-0.03	0.01	0.05	0.09	0.11	0.13	0.14	0.14	0.14	0.12	0.11	0.08	0.06	0.03	0.01	-0.02	-0.04	-0.06	-0.07	-0.08	-0.08	-0.08	-0.07	
Q9D1D6_95-146	1.57	1.55	1.50	1.43	1.34	1.23	1.11	0.97	0.83	0.68	0.53	0.38	0.24	0.11	-0.01	-0.11	-0.20	-0.27	-0.32	-0.36	-0.37	-0.37	-0.35	-0.32	-0.28	-0.23	-0.18	-0.12	-0.06	0.00	0.06	0.10	0.14	0.17	0.20	0.21	0.21	0.20	0.18	0.16	0.13	0.09	0.05	0.01	-0.03	-0.07	-0.11	-0.14	-0.17	-0.19	-0.20	-0.21	
Q9D1D6_101-152	1.30	1.28	1.23	1.17	1.09	1.00	0.89	0.77	0.64	0.51	0.38	0.25	0.13	0.02	-0.09	-0.18	-0.25	-0.31	-0.36	-0.38	-0.40	-0.39	-0.38	-0.35	-0.31	-0.26	-0.21	-0.15	-0.09	-0.04	0.02	0.06	0.11	0.14	0.17	0.19	0.19	0.20	0.19	0.18	0.16	0.13	0.11	0.08	0.05	0.02	0.00	-0.02	-0.04	-0.05	-0.06	-0.06	
Q9D1D6_101-152	1.09	1.08	1.04	0.99	0.93	0.85	0.76	0.66	0.56	0.45	0.34	0.23	0.13	0.03	-0.06	-0.13	-0.20	-0.26	-0.30	-0.32	-0.34	-0.34	-0.33	-0.31	-0.28	-0.25	-0.20	-0.16	-0.11	-0.06	-0.02	0.02	0.06	0.10	0.12	0.14	0.16	0.16	0.16	0.16	0.15	0.13	0.11	0.09	0.07	0.05	0.03	0.02	0.00	-0.01	-0.02	-0.02	
Q9D1D6_101-152	1.05	1.03	1.00	0.95	0.88	0.81	0.72	0.62	0.52	0.41	0.31	0.20	0.11	0.01	-0.07	-0.14	-0.20	-0.25	-0.29	-0.31	-0.32	-0.31	-0.30	-0.28	-0.25	-0.21	-0.17	-0.13	-0.08	-0.04	-0.00	0.03	0.06	0.08	0.10	0.11	0.11	0.10	0.09	0.07	0.05	0.02	-0.00	-0.03	-0.06	-0.09	-0.11	-0.13	-0.14	-0.15	-0.16	-0.16	
Q9D1D6_101-152	1.23	1.21	1.17	1.12	1.04	0.95	0.85	0.74	0.62	0.50	0.38	0.26	0.14	0.04	-0.06	-0.14	-0.21	-0.27	-0.31	-0.34	-0.35	-0.35	-0.33	-0.31	-0.27	-0.23	-0.19	-0.14	-0.09	-0.04	-0.00	0.04	0.07	0.09	0.11	0.11	0.11	0.10	0.09	0.06	0.04	0.01	-0.03	-0.06	-0.09	-0.12	-0.15	-0.17	-0.19	-0.20	-0.21	-0.21	
Q9D1D6_101-152	1.24	1.22	1.18	1.13	1.06	0.98	0.89	0.78	0.67	0.56	0.45	0.34	0.23	0.14	0.05	-0.03	-0.10	-0.15	-0.19	-0.22	-0.23	-0.23	-0.22	-0.20	-0.17	-0.14	-0.10	-0.06	-0.02	0.02	0.05	0.08	0.11	0.12	0.13	0.14	0.13	0.12	0.10	0.08	0.05	0.02	-0.01	-0.04	-0.07	-0.10	-0.13	-0.15	-0.16	-0.17	-0.18	-0.17	
Q9D1D6_101-152	1.34	1.32	1.29	1.23	1.16	1.08	0.98	0.87	0.76	0.65	0.53	0.42	0.31	0.21	0.11	0.03	-0.04	-0.09	-0.14	-0.17	-0.18	-0.18	-0.18	-0.16	-0.13	-0.10	-0.07	-0.03	0.01	0.04	0.07	0.10	0.12	0.13	0.14	0.13	0.12	0.11	0.08	0.06	0.03	-0.01	-0.04	-0.08	-0.11	-0.14	-0.17	-0.19	-0.21	-0.22	-0.23	-0.23	
Q9D1D6_101-152	1.07	1.06	1.03	0.98	0.93	0.86	0.79	0.71	0.62	0.53	0.43	0.34	0.25	0.17	0.09	0.02	-0.04	-0.09	-0.13	-0.16	-0.18	-0.19	-0.19	-0.18	-0.17	-0.15	-0.12	-0.09	-0.06	-0.02	0.01	0.04	0.07	0.09	0.11	0.12	0.13	0.14	0.13	0.13	0.12	0.11	0.09	0.08	0.06	0.04	0.03	0.01	-0.00	-0.01	-0.02	-0.03	
Q9D1D6_101-152	0.56	0.55	0.53	0.51	0.47	0.43	0.39	0.34	0.29	0.23	0.18	0.12	0.07	0.03	-0.02	-0.06	-0.09	-0.11	-0.13	-0.14	-0.15	-0.15	-0.14	-0.13	-0.11	-0.10	-0.07	-0.05	-0.03	-0.01	0.01	0.03	0.05	0.06	0.08	0.08	0.09	0.09	0.09	0.09	0.09	0.08	0.08	0.07	0.06	0.06	0.06	0.06	0.06	0.06	0.06	0.07	
Q9D1D6_101-152	1.21	1.19	1.14	1.08	1.00	0.91	0.80	0.68	0.56	0.43	0.31	0.18	0.06	-0.05	-0.15	-0.23	-0.30	-0.36	-0.40	-0.42	-0.42	-0.42	-0.40	-0.36	-0.32	-0.28	-0.22	-0.17	-0.12	-0.06	-0.02	0.02	0.06	0.08	0.10	0.10	0.10	0.09	0.07	0.04	0.01	-0.02	-0.06	-0.09	-0.12	-0.16	-0.18	-0.20	-0.22	-0.22	-0.23	-0.22	
Q9D1D6_101-152	1.55	1.53	1.48	1.42	1.33	1.23	1.11	0.98	0.84	0.70	0.55	0.41	0.27	0.15	0.03	-0.07	-0.16	-0.23	-0.28	-0.32	-0.34	-0.34	-0.33	-0.30	-0.27	-0.23	-0.18	-0.13	-0.07	-0.02	0.03	0.08	0.11	0.15	0.17	0.18	0.19	0.19	0.18	0.16	0.14	0.12	0.09	0.06	0.03	0.00	-0.02	-0.04	-0.06	-0.07	-0.08	-0.08	
Q9D1D6_120-171	1.39	1.37	1.33	1.27	1.20	1.11	1.01	0.90	0.78	0.66	0.53	0.41	0.29	0.17	0.07	-0.03	-0.11	-0.18	-0.24	-0.28	-0.31	-0.32	-0.32	-0.31	-0.28	-0.25	-0.21	-0.17	-0.12	-0.08	-0.03	0.01	0.05	0.09	0.12	0.14	0.15	0.16	0.15	0.15	0.13	0.11	0.09	0.06	0.03	-0.00	-0.03	-0.06	-0.08	-0.11	-0.12	-0.14	
Q9D1D6_120-171	1.13	1.11	1.08	1.04	0.98	0.92	0.84	0.76	0.66	0.57	0.47	0.38	0.29	0.20	0.12	0.04	-0.02	-0.08	-0.12	-0.15	-0.18	-0.19	-0.19	-0.18	-0.17	-0.15	-0.12	-0.10	-0.06	-0.03	-0.00	0.03	0.05	0.07	0.09	0.10	0.10	0.10	0.10	0.09	0.07	0.06	0.04	0.02	-0.01	-0.03	-0.05	-0.07	-0.09	-0.10	-0.11	-0.12	
Q9D1D6_120-171	1.06	1.04	1.01	0.97	0.91	0.84	0.76	0.68	0.58	0.49	0.39	0.30	0.20	0.12	0.04	-0.04	-0.10	-0.15	-0.19	-0.22	-0.24	-0.25	-0.25	-0.24	-0.22	-0.19	-0.16	-0.13	-0.09	-0.06	-0.02	0.01	0.04	0.06	0.08	0.09	0.10	0.10	0.10	0.09	0.08	0.06	0.04	0.02	-0.01	-0.03	-0.05	-0.07	-0.09	-0.10	-0.11	-0.11	
Q9D1D6_120-171	1.27	1.25	1.21	1.15	1.08	1.00	0.90	0.79	0.68	0.56	0.44	0.32	0.20	0.09	-0.00	-0.09	-0.17	-0.23	-0.28	-0.32	-0.34	-0.34	-0.33	-0.32	-0.29	-0.25	-0.21	-0.16	-0.11	-0.06	-0.02	0.03	0.07	0.10	0.13	0.15	0.16	0.16	0.16	0.15	0.13	0.11	0.08	0.05	0.02	-0.01	-0.04	-0.07	-0.10	-0.12	-0.13	-0.14	
Q9D1D6_120-171	1.21	1.19	1.15	1.09	1.01	0.92	0.81	0.70	0.58	0.46	0.33	0.22	0.10	0.00	-0.09	-0.17	-0.23	-0.28	-0.31	-0.33	-0.33	-0.32	-0.29	-0.26	-0.22	-0.17	-0.12	-0.07	-0.02	0.02	0.06	0.09	0.12	0.13	0.14	0.14	0.13	0.11	0.09	0.06	0.03	-0.01	-0.04	-0.07	-0.10	-0.12	-0.14	-0.15	-0.16	-0.16	-0.15	-0.13	
Q9D1D6_120-171	1.26	1.24	1.19	1.13	1.05	0.95	0.84	0.71	0.58	0.45	0.32	0.19	0.07	-0.04	-0.14	-0.22	-0.29	-0.34	-0.37	-0.39	-0.39	-0.37	-0.34	-0.31	-0.26	-0.20	-0.15	-0.09	-0.03	0.02	0.07	0.10	0.13	0.16	0.17	0.17	0.16	0.14	0.12	0.09	0.05	0.02	-0.02	-0.06	-0.09	-0.12	-0.14	-0.16	-0.17	-0.18	-0.17	-0.16	
Q9D1D6_120-171	1.04	1.02	0.99	0.95	0.88	0.81	0.73	0.64	0.55	0.45	0.35	0.26	0.16	0.08	0.00	-0.06	-0.12	-0.16	-0.19	-0.21	-0.22	-0.21	-0.20	-0.18	-0.15	-0.12	-0.08	-0.04	-0.01	0.03	0.06	0.08	0.11	0.12	0.13	0.13	0.12	0.11	0.09	0.07	0.05	0.02	-0.01	-0.03	-0.06	-0.08	-0.10	-0.12	-0.13	-0.14	-0.14	-0.14	
Q9D1D6_120-171	0.57	0.56	0.55	0.53	0.50	0.47	0.44	0.40	0.36	0.31	0.27	0.22	0.17	0.13	0.09	0.05	0.02	-0.01	-0.04	-0.06	-0.07	-0.08	-0.09	-0.09	-0.09	-0.08	-0.07	-0.06	-0.05	-0.03	-0.02	-0.00	0.01	0.03	0.04	0.05	0.06	0.07	0.08	0.08	0.08	0.08	0.08	0.08	0.07	0.06	0.06	0.05	0.04	0.03	0.02	0.01	
Q9D1D6_120-171	1.26	1.24	1.21	1.15	1.08	1.00	0.90	0.80	0.69	0.57	0.46	0.34	0.23	0.13	0.04	-0.05	-0.12	-0.17	-0.22	-0.25	-0.26	-0.27	-0.26	-0.24	-0.22	-0.19	-0.15	-0.11	-0.07	-0.03	0.01	0.04	0.07	0.09	0.10	0.11	0.11	0.10	0.09	0.08	0.06	0.04	0.01	-0.01	-0.03	-0.06	-0.07	-0.09	-0.09	-0.10	-0.10	-0.09	
Q9D1D6_120-171	1.62	1.59	1.54	1.46	1.36	1.24	1.11	0.96	0.81	0.65	0.49	0.33	0.18	0.04	-0.08	-0.19	-0.27	-0.34	-0.39	-0.41	-0.42	-0.41	-0.39	-0.35	-0.30	-0.24	-0.17	-0.11	-0.04	0.02	0.07	0.12	0.16	0.19	0.20	0.21	0.20	0.19	0.16	0.13	0.09	0.05	0.00	-0.04	-0.08	-0.12	-0.16	-0.18	-0.20	-0.22	-0.22	-0.22	
Q9D1D6_126-177	1.44	1.41	1.37	1.31	1.23	1.13	1.02	0.90	0.77	0.64	0.50	0.37	0.25	0.13	0.03	-0.06	-0.14	-0.20	-0.25	-0.27	-0.29	-0.29	-0.28	-0.25	-0.22	-0.18	-0.14	-0.09	-0.04	-0.00	0.04	0.07	0.10	0.12	0.13	0.14	0.14	0.13	0.11	0.09	0.07	0.04	0.02	-0.01	-0.03	-0.05	-0.07	-0.08	-0.09	-0.09	-0.08	-0.08	
Q9D1D6_126-177	1.17	1.15	1.12	1.06	1.00	0.92	0.82	0.72	0.62	0.51	0.40	0.30	0.20	0.11	0.03	-0.04	-0.10	-0.15	-0.18	-0.19	-0.20	-0.19	-0.18	-0.15	-0.12	-0.08	-0.04	-0.00	0.03	0.07	0.10	0.12	0.14	0.15	0.15	0.14	0.13	0.11	0.09	0.06	0.03	0.00	-0.03	-0.06	-0.08	-0.10	-0.12	-0.13	-0.14	-0.14	-0.13	-0.12	
Q9D1D6_126-177	1.01	0.99	0.97	0.93	0.87	0.81	0.74	0.66	0.57	0.48	0.39	0.30	0.22	0.14	0.06	-0.01	-0.07	-0.12	-0.16	-0.19	-0.21	-0.23	-0.23	-0.22	-0.21	-0.19	-0.17	-0.14	-0.11	-0.08	-0.05	-0.03	-0.00	0.02	0.04	0.05	0.06	0.06	0.06	0.05	0.05	0.03	0.02	0.01	-0.01	-0.03	-0.04	-0.06	-0.07	-0.08	-0.09	-0.09	
Q9D1D6_126-177	1.22	1.20	1.17	1.12	1.05	0.97	0.88	0.78	0.68	0.57	0.45	0.34	0.23	0.13	0.04	-0.05	-0.13	-0.19	-0.24	-0.28	-0.30	-0.32	-0.32	-0.31	-0.29	-0.27	-0.24	-0.20	-0.16	-0.12	-0.08	-0.05	-0.01	0.02	0.04	0.06	0.08	0.09	0.09	0.09	0.08	0.07	0.06	0.04	0.02	0.01	-0.01	-0.03	-0.05	-0.06	-0.07	-0.08	
Q9D1D6_126-177	1.20	1.18	1.14	1.09	1.01	0.93	0.83	0.72	0.61	0.49	0.37	0.26	0.14	0.04	-0.05	-0.13	-0.20	-0.26	-0.29	-0.32	-0.33	-0.33	-0.31	-0.28	-0.25	-0.21	-0.16	-0.11	-0.06	-0.01	0.03	0.07	0.11	0.13	0.15	0.15	0.15	0.15	0.13	0.11	0.08	0.04	0.01	-0.03	-0.06	-0.10	-0.13	-0.15	-0.17	-0.19	-0.20	-0.20	
Q9D1D6_126-177	1.23	1.22	1.18	1.12	1.05	0.96	0.86	0.75	0.63	0.51	0.39	0.27	0.15	0.04	-0.05	-0.14	-0.22	-0.28	-0.32	-0.35	-0.37	-0.37	-0.36	-0.34	-0.31	-0.26	-0.22	-0.17	-0.11	-0.06	-0.01	0.04	0.08	0.11	0.14	0.15	0.16	0.16	0.16	0.14	0.12	0.09	0.06	0.03	-0.01	-0.04	-0.07	-0.10	-0.13	-0.15	-0.16	-0.17	
Q9D1D6_126-177	1.03	1.01	0.98	0.93	0.87	0.80	0.72	0.63	0.54	0.44	0.35	0.25	0.16	0.08	0.00	-0.06	-0.12	-0.16	-0.19	-0.21	-0.22	-0.22	-0.21	-0.18	-0.16	-0.12	-0.09	-0.05	-0.01	0.03	0.06	0.09	0.12	0.13	0.15	0.15	0.15	0.14	0.13	0.11	0.09	0.06	0.03	0.01	-0.02	-0.04	-0.06	-0.08	-0.10	-0.11	-0.11	-0.11	
Q9D1D6_126-177	0.54	0.53	0.52	0.50	0.47	0.44	0.40	0.36	0.32	0.28	0.23	0.19	0.14	0.10	0.07	0.03	0.00	-0.03	-0.05	-0.06	-0.07	-0.08	-0.08	-0.08	-0.08	-0.07	-0.06	-0.05	-0.04	-0.03	-0.02	-0.01	0.00	0.01	0.02	0.02	0.02	0.02	0.02	0.02	0.02	0.01	0.01	0.01	0.00	0.00	0.00	0.00	0.01	0.01	0.02	0.02	
Q9D1D6_126-177	1.26	1.24	1.20	1.14	1.07	0.98	0.88	0.77	0.65	0.53	0.41	0.29	0.18	0.08	-0.02	-0.10	-0.17	-0.22	-0.26	-0.28	-0.29	-0.29	-0.28	-0.25	-0.22	-0.18	-0.14	-0.09	-0.05	-0.01	0.03	0.06	0.09	0.10	0.11	0.11	0.11	0.09	0.07	0.04	0.01	-0.02	-0.06	-0.09	-0.12	-0.15	-0.18	-0.20	-0.21	-0.22	-0.22	-0.21	
Q9D1D6_126-177	1.63	1.60	1.55	1.48	1.38	1.27	1.14	1.00	0.85	0.69	0.54	0.39	0.24	0.11	-0.02	-0.13	-0.22	-0.29	-0.34	-0.37	-0.39	-0.39	-0.37	-0.33	-0.29	-0.24	-0.18	-0.12	-0.05	0.01	0.07	0.12	0.16	0.19	0.22	0.23	0.23	0.23	0.21	0.19	0.16	0.12	0.09	0.05	0.01	-0.02	-0.05	-0.08	-0.10	-0.11	-0.12	-0.12	
Q9D1D6_145-196	1.29	1.27	1.23	1.18	1.10	1.02	0.92	0.82	0.70	0.59	0.47	0.36	0.25	0.14	0.05	-0.03	-0.10	-0.16	-0.20	-0.23	-0.24	-0.24	-0.23	-0.21	-0.19	-0.15	-0.11	-0.07	-0.03	0.00	0.04	0.07	0.10	0.12	0.13	0.13	0.13	0.12	0.11	0.09	0.06	0.04	0.01	-0.02	-0.05	-0.07	-0.09	-0.11	-0.13	-0.14	-0.14	-0.14	
Q9D1D6_145-196	1.05	1.04	1.00	0.96	0.89	0.82	0.74	0.65	0.55	0.45	0.35	0.25	0.15	0.07	-0.02	-0.09	-0.15	-0.20	-0.23	-0.26	-0.27	-0.27	-0.27	-0.25	-0.22	-0.19	-0.15	-0.12	-0.08	-0.04	0.00	0.03	0.06	0.09	0.11	0.12	0.12	0.12	0.12	0.11	0.09	0.08	0.06	0.04	0.02	-0.01	-0.02	-0.04	-0.05	-0.07	-0.07	-0.08	
Q9D1D6_145-196	1.01	0.99	0.96	0.92	0.86	0.79	0.71	0.62	0.53	0.43	0.34	0.24	0.15	0.07	-0.00	-0.07	-0.13	-0.17	-0.20	-0.22	-0.23	-0.23	-0.22	-0.20	-0.17	-0.14	-0.11	-0.07	-0.04	-0.00	0.03	0.06	0.08	0.10	0.11	0.12	0.11	0.11	0.09	0.08	0.06	0.03	0.01	-0.02	-0.04	-0.06	-0.08	-0.10	-0.11	-0.12	-0.12	-0.12	
Q9D1D6_145-196	1.24	1.22	1.18	1.13	1.06	0.98	0.88	0.78	0.67	0.55	0.44	0.32	0.22	0.11	0.02	-0.06	-0.12	-0.18	-0.22	-0.25	-0.26	-0.26	-0.25	-0.23	-0.20	-0.17	-0.13	-0.09	-0.04	-0.00	0.03	0.06	0.09	0.11	0.12	0.13	0.12	0.11	0.10	0.07	0.05	0.02	-0.01	-0.04	-0.07	-0.10	-0.12	-0.15	-0.16	-0.17	-0.18	-0.18	
Q9D1D6_145-196	1.21	1.20	1.16	1.11	1.04	0.96	0.86	0.76	0.65	0.54	0.42	0.31	0.20	0.10	0.01	-0.07	-0.14	-0.20	-0.24	-0.27	-0.29	-0.29	-0.28	-0.26	-0.23	-0.20	-0.16	-0.11	-0.07	-0.02	0.02	0.05	0.08	0.11	0.13	0.14	0.14	0.14	0.13	0.11	0.09	0.06	0.03	0.00	-0.02	-0.05	-0.08	-0.10	-0.12	-0.13	-0.13	-0.13	
Q9D1D6_145-196	1.32	1.30	1.26	1.20	1.13	1.04	0.93	0.82	0.70	0.58	0.45	0.33	0.22	0.11	0.01	-0.08	-0.16	-0.22	-0.26	-0.29	-0.31	-0.31	-0.30	-0.27	-0.24	-0.20	-0.16	-0.11	-0.06	-0.01	0.03	0.07	0.10	0.13	0.15	0.15	0.16	0.15	0.13	0.11	0.08	0.05	0.01	-0.02	-0.06	-0.09	-0.12	-0.15	-0.17	-0.19	-0.20	-0.20	
Q9D1D6_145-196	1.07	1.05	1.01	0.96	0.89	0.81	0.72	0.62	0.52	0.41	0.30	0.19	0.10	0.00	-0.08	-0.15	-0.20	-0.24	-0.27	-0.28	-0.28	-0.27	-0.25	-0.22	-0.18	-0.13	-0.09	-0.04	0.01	0.06	0.10	0.13	0.16	0.17	0.18	0.18	0.17	0.16	0.14	0.11	0.07	0.04	0.00	-0.04	-0.07	-0.10	-0.13	-0.15	-0.17	-0.18	-0.18	-0.18	
Q9D1D6_145-196	0.57	0.56	0.54	0.51	0.47	0.42	0.37	0.31	0.25	0.19	0.14	0.08	0.03	-0.01	-0.05	-0.08	-0.10	-0.11	-0.11	-0.11	-0.09	-0.07	-0.05	-0.02	0.01	0.04	0.07	0.10	0.13	0.15	0.17	0.18	0.18	0.18	0.17	0.15	0.13	0.11	0.09	0.06	0.03	0.00	-0.02	-0.05	-0.06	-0.08	-0.09	-0.10	-0.10	-0.09	-0.08	-0.07	
Q9D1D6_145-196	1.21	1.19	1.15	1.10	1.04	0.96	0.87	0.77	0.66	0.55	0.44	0.33	0.22	0.12	0.02	-0.06	-0.14	-0.20	-0.26	-0.29	-0.32	-0.33	-0.33	-0.32	-0.30	-0.28	-0.24	-0.20	-0.16	-0.12	-0.07	-0.03	0.01	0.04	0.07	0.09	0.11	0.12	0.13	0.13	0.12	0.11	0.10	0.08	0.07	0.05	0.03	0.01	-0.00	-0.01	-0.02	-0.03	
Q9D1D6_145-196	1.58	1.55	1.50	1.43	1.34	1.23	1.11	0.98	0.83	0.69	0.54	0.40	0.26	0.13	0.02	-0.08	-0.16	-0.22	-0.27	-0.30	-0.31	-0.30	-0.28	-0.25	-0.21	-0.16	-0.10	-0.05	0.01	0.06	0.10	0.14	0.17	0.18	0.19	0.19	0.18	0.15	0.12	0.09	0.04	-0.00	-0.05	-0.10	-0.14	-0.18	-0.21	-0.24	-0.25	-0.26	-0.26	-0.25	
Q9D1D6_151-202	1.21	1.19	1.16	1.11	1.05	0.97	0.88	0.79	0.69	0.58	0.47	0.37	0.27	0.17	0.08	0.00	-0.07	-0.12	-0.17	-0.20	-0.22	-0.23	-0.22	-0.21	-0.19	-0.16	-0.13	-0.10	-0.06	-0.02	0.01	0.05	0.07	0.10	0.11	0.13	0.13	0.13	0.12	0.11	0.09	0.07	0.05	0.03	0.00	-0.02	-0.04	-0.06	-0.07	-0.08	-0.09	-0.09	
Q9D1D6_151-202	1.01	1.00	0.97	0.92	0.87	0.80	0.72	0.63	0.54	0.45	0.35	0.26	0.16	0.08	-0.00	-0.07	-0.13	-0.18	-0.22	-0.25	-0.27	-0.27	-0.27	-0.26	-0.24	-0.21	-0.18	-0.15	-0.12	-0.08	-0.05	-0.02	0.01	0.03	0.05	0.06	0.07	0.07	0.06	0.06	0.05	0.03	0.01	-0.00	-0.02	-0.04	-0.05	-0.06	-0.07	-0.08	-0.08	-0.08	
Q9D1D6_151-202	1.01	1.00	0.97	0.92	0.86	0.79	0.71	0.62	0.53	0.43	0.34	0.24	0.15	0.07	-0.01	-0.08	-0.14	-0.18	-0.21	-0.24	-0.25	-0.25	-0.23	-0.21	-0.19	-0.15	-0.12	-0.08	-0.04	0.00	0.04	0.07	0.10	0.12	0.13	0.14	0.14	0.14	0.13	0.11	0.09	0.07	0.04	0.01	-0.02	-0.04	-0.06	-0.08	-0.10	-0.11	-0.12	-0.12	
Q9D1D6_151-202	1.22	1.20	1.17	1.12	1.05	0.97	0.88	0.78	0.67	0.56	0.45	0.34	0.24	0.14	0.05	-0.03	-0.10	-0.16	-0.20	-0.23	-0.25	-0.25	-0.24	-0.22	-0.20	-0.16	-0.12	-0.08	-0.04	0.00	0.04	0.08	0.11	0.14	0.16	0.17	0.17	0.17	0.16	0.14	0.12	0.10	0.07	0.04	0.01	-0.02	-0.04	-0.07	-0.09	-0.10	-0.11	-0.12	
Q9D1D6_151-202	1.25	1.23	1.19	1.13	1.05	0.96	0.86	0.75	0.63	0.51	0.39	0.27	0.15	0.05	-0.04	-0.13	-0.19	-0.24	-0.28	-0.30	-0.31	-0.30	-0.29	-0.26	-0.22	-0.18	-0.13	-0.09	-0.04	0.00	0.04	0.08	0.10	0.12	0.13	0.13	0.13	0.11	0.09	0.07	0.04	0.01	-0.03	-0.06	-0.09	-0.12	-0.14	-0.16	-0.17	-0.18	-0.18	-0.17	
Q9D1D6_151-202	1.37	1.34	1.30	1.24	1.16	1.06	0.95	0.83	0.70	0.57	0.44	0.31	0.19	0.08	-0.02	-0.11	-0.18	-0.24	-0.28	-0.31	-0.31	-0.31	-0.29	-0.26	-0.22	-0.17	-0.12	-0.07	-0.02	0.03	0.08	0.12	0.15	0.18	0.19	0.20	0.19	0.18	0.16	0.13	0.10	0.07	0.03	-0.01	-0.05	-0.08	-0.11	-0.14	-0.16	-0.17	-0.18	-0.18	
Q9D1D6_151-202	1.10	1.08	1.05	0.99	0.92	0.84	0.74	0.63	0.52	0.41	0.30	0.19	0.08	-0.01	-0.10	-0.17	-0.23	-0.28	-0.31	-0.32	-0.32	-0.31	-0.29	-0.25	-0.21	-0.16	-0.11	-0.06	-0.01	0.04	0.09	0.13	0.16	0.19	0.20	0.21	0.20	0.19	0.17	0.15	0.12	0.08	0.05	0.01	-0.03	-0.06	-0.09	-0.12	-0.14	-0.15	-0.16	-0.16	
Q9D1D6_151-202	0.49	0.48	0.47	0.44	0.41	0.37	0.32	0.28	0.22	0.17	0.12	0.07	0.02	-0.02	-0.06	-0.09	-0.11	-0.13	-0.14	-0.15	-0.14	-0.13	-0.12	-0.10	-0.07	-0.05	-0.02	0.01	0.04	0.06	0.09	0.10	0.12	0.13	0.14	0.14	0.13	0.12	0.11	0.10	0.08	0.06	0.04	0.02	0.00	-0.02	-0.03	-0.04	-0.05	-0.06	-0.06	-0.06	
Q9D1D6_151-202	1.21	1.19	1.16	1.10	1.04	0.96	0.86	0.76	0.65	0.54	0.43	0.32	0.21	0.11	0.01	-0.07	-0.15	-0.21	-0.25	-0.29	-0.31	-0.32	-0.32	-0.31	-0.29	-0.26	-0.23	-0.19	-0.16	-0.12	-0.08	-0.05	-0.02	-0.00	0.02	0.03	0.03	0.03	0.03	0.02	0.01	-0.01	-0.03	-0.05	-0.06	-0.08	-0.09	-0.10	-0.11	-0.11	-0.11	-0.10	
Q9D1D6_151-202	1.62	1.60	1.54	1.47	1.37	1.26	1.13	0.98	0.83	0.68	0.52	0.37	0.23	0.10	-0.02	-0.12	-0.20	-0.27	-0.31	-0.33	-0.33	-0.32	-0.29	-0.24	-0.19	-0.13	-0.06	0.01	0.07	0.13	0.19	0.23	0.27	0.29	0.30	0.30	0.29	0.27	0.23	0.19	0.15	0.09	0.04	-0.01	-0.06	-0.11	-0.15	-0.18	-0.21	-0.23	-0.23	-0.23	
Q9D1D6_170-221	1.19	1.17	1.13	1.08	1.01	0.93	0.83	0.73	0.62	0.51	0.39	0.28	0.17	0.07	-0.02	-0.10	-0.17	-0.22	-0.26	-0.29	-0.30	-0.30	-0.28	-0.26	-0.23	-0.19	-0.14	-0.09	-0.05	-0.00	0.04	0.08	0.12	0.14	0.16	0.17	0.17	0.17	0.16	0.14	0.11	0.09	0.06	0.02	-0.01	-0.04	-0.07	-0.09	-0.12	-0.13	-0.14	-0.15	
Q9D1D6_170-221	1.08	1.06	1.03	0.98	0.92	0.85	0.76	0.67	0.57	0.47	0.37	0.27	0.17	0.08	-0.00	-0.07	-0.13	-0.18	-0.22	-0.25	-0.26	-0.26	-0.25	-0.23	-0.20	-0.17	-0.13	-0.08	-0.04	0.01	0.05	0.09	0.12	0.15	0.17	0.18	0.18	0.18	0.17	0.16	0.14	0.11	0.08	0.05	0.02	-0.02	-0.05	-0.07	-0.10	-0.12	-0.14	-0.15	
Q9D1D6_170-221	1.14	1.12	1.08	1.02	0.95	0.87	0.77	0.66	0.55	0.43	0.31	0.20	0.09	-0.01	-0.09	-0.17	-0.23	-0.28	-0.31	-0.33	-0.33	-0.32	-0.29	-0.26	-0.22	-0.17	-0.12	-0.07	-0.02	0.03	0.07	0.11	0.14	0.16	0.17	0.18	0.17	0.16	0.14	0.11	0.08	0.05	0.01	-0.03	-0.06	-0.09	-0.12	-0.14	-0.15	-0.16	-0.16	-0.15	
Q9D1D6_170-221	1.30	1.28	1.24	1.17	1.09	0.99	0.88	0.76	0.64	0.51	0.37	0.25	0.13	0.02	-0.08	-0.17	-0.23	-0.29	-0.32	-0.34	-0.34	-0.33	-0.30	-0.26	-0.22	-0.17	-0.11	-0.05	0.00	0.06	0.10	0.14	0.17	0.20	0.21	0.21	0.20	0.18	0.15	0.12	0.08	0.04	-0.00	-0.05	-0.09	-0.12	-0.15	-0.18	-0.20	-0.20	-0.21	-0.20	
Q9D1D6_170-221	1.17	1.15	1.11	1.06	1.00	0.92	0.83	0.74	0.63	0.53	0.42	0.31	0.21	0.11	0.02	-0.06	-0.13	-0.19	-0.24	-0.27	-0.29	-0.30	-0.30	-0.29	-0.27	-0.24	-0.21	-0.17	-0.14	-0.10	-0.06	-0.02	0.01	0.04	0.06	0.07	0.09	0.09	0.09	0.08	0.07	0.06	0.04	0.02	0.00	-0.02	-0.03	-0.05	-0.07	-0.08	-0.09	-0.10	
Q9D1D6_170-221	1.23	1.21	1.18	1.12	1.05	0.97	0.88	0.78	0.67	0.56	0.44	0.33	0.22	0.12	0.03	-0.06	-0.13	-0.19	-0.23	-0.27	-0.29	-0.30	-0.29	-0.28	-0.26	-0.23	-0.20	-0.17	-0.13	-0.10	-0.07	-0.04	-0.01	0.01	0.02	0.03	0.03	0.03	0.02	0.01	-0.01	-0.02	-0.04	-0.06	-0.08	-0.10	-0.11	-0.12	-0.13	-0.13	-0.13	-0.13	
Q9D1D6_170-221	1.00	0.98	0.96	0.92	0.86	0.80	0.73	0.65	0.57	0.48	0.39	0.30	0.21	0.13	0.05	-0.02	-0.09	-0.14	-0.19	-0.23	-0.25	-0.27	-0.28	-0.28	-0.27	-0.26	-0.24	-0.22	-0.20	-0.17	-0.14	-0.12	-0.09	-0.07	-0.05	-0.04	-0.02	-0.02	-0.01	-0.01	-0.02	-0.02	-0.03	-0.04	-0.05	-0.06	-0.07	-0.08	-0.09	-0.09	-0.10	-0.10	
Q9D1D6_170-221	0.43	0.42	0.41	0.40	0.37	0.35	0.32	0.29	0.26	0.22	0.18	0.14	0.11	0.07	0.03	0.00	-0.03	-0.06	-0.08	-0.10	-0.12	-0.13	-0.14	-0.15	-0.15	-0.15	-0.15	-0.14	-0.13	-0.12	-0.11	-0.10	-0.09	-0.07	-0.06	-0.05	-0.04	-0.03	-0.02	-0.01	-0.00	0.00	0.01	0.01	0.01	0.01	0.01	0.01	0.01	0.01	0.01	0.00	
Q9D1D6_170-221	1.43	1.40	1.36	1.29	1.20	1.09	0.97	0.83	0.69	0.55	0.40	0.26	0.13	0.01	-0.10	-0.19	-0.26	-0.32	-0.36	-0.37	-0.37	-0.36	-0.32	-0.28	-0.22	-0.15	-0.08	-0.01	0.06	0.12	0.18	0.24	0.28	0.31	0.33	0.34	0.33	0.32	0.29	0.26	0.21	0.17	0.12	0.07	0.02	-0.03	-0.08	-0.11	-0.14	-0.17	-0.18	-0.19	
Q9D1D6_170-221	1.51	1.48	1.43	1.36	1.27	1.17	1.04	0.91	0.76	0.61	0.46	0.32	0.18	0.04	-0.08	-0.18	-0.27	-0.35	-0.40	-0.44	-0.46	-0.47	-0.46	-0.44	-0.40	-0.36	-0.31	-0.25	-0.20	-0.15	-0.09	-0.05	-0.01	0.02	0.05	0.06	0.07	0.07	0.06	0.05	0.03	0.01	-0.02	-0.04	-0.07	-0.09	-0.11	-0.13	-0.14	-0.15	-0.15	-0.14	
Q9D1D6_176-227	1.13	1.11	1.08	1.04	0.98	0.90	0.82	0.73	0.64	0.54	0.43	0.33	0.23	0.14	0.05	-0.03	-0.10	-0.16	-0.20	-0.24	-0.26	-0.27	-0.28	-0.27	-0.25	-0.23	-0.19	-0.16	-0.12	-0.08	-0.04	0.00	0.04	0.07	0.10	0.12	0.14	0.15	0.15	0.15	0.14	0.13	0.12	0.10	0.08	0.06	0.04	0.01	-0.01	-0.02	-0.04	-0.05	
Q9D1D6_176-227	1.02	1.01	0.98	0.94	0.88	0.82	0.75	0.67	0.58	0.49	0.40	0.30	0.21	0.13	0.05	-0.02	-0.09	-0.14	-0.19	-0.22	-0.24	-0.25	-0.26	-0.25	-0.23	-0.21	-0.18	-0.15	-0.11	-0.07	-0.04	0.00	0.04	0.07	0.10	0.12	0.14	0.15	0.16	0.16	0.16	0.15	0.14	0.12	0.11	0.09	0.07	0.04	0.02	0.01	-0.01	-0.03	
Q9D1D6_176-227	1.11	1.09	1.06	1.01	0.95	0.87	0.79	0.69	0.59	0.49	0.38	0.28	0.18	0.08	-0.01	-0.09	-0.15	-0.21	-0.25	-0.28	-0.30	-0.31	-0.30	-0.29	-0.26	-0.23	-0.19	-0.14	-0.10	-0.05	-0.01	0.04	0.07	0.11	0.13	0.16	0.17	0.17	0.17	0.17	0.15	0.13	0.11	0.08	0.05	0.02	-0.01	-0.04	-0.07	-0.09	-0.11	-0.12	
Q9D1D6_176-227	1.27	1.25	1.21	1.16	1.09	1.00	0.90	0.79	0.68	0.56	0.44	0.32	0.20	0.09	-0.01	-0.09	-0.17	-0.23	-0.28	-0.31	-0.32	-0.33	-0.32	-0.29	-0.26	-0.22	-0.17	-0.12	-0.07	-0.01	0.04	0.08	0.13	0.16	0.19	0.21	0.22	0.22	0.22	0.20	0.18	0.16	0.12	0.09	0.05	0.02	-0.02	-0.06	-0.09	-0.11	-0.13	-0.15	
Q9D1D6_176-227	1.24	1.22	1.17	1.12	1.04	0.95	0.84	0.73	0.61	0.49	0.37	0.25	0.14	0.04	-0.06	-0.14	-0.20	-0.25	-0.29	-0.31	-0.31	-0.30	-0.28	-0.26	-0.22	-0.18	-0.14	-0.09	-0.05	-0.01	0.02	0.05	0.07	0.08	0.09	0.08	0.07	0.06	0.03	0.00	-0.02	-0.06	-0.08	-0.11	-0.14	-0.15	-0.17	-0.17	-0.17	-0.17	-0.15	-0.13	
Q9D1D6_176-227	1.33	1.31	1.26	1.20	1.12	1.02	0.90	0.78	0.65	0.52	0.39	0.26	0.14	0.03	-0.06	-0.15	-0.21	-0.26	-0.29	-0.31	-0.31	-0.30	-0.27	-0.23	-0.19	-0.14	-0.09	-0.04	0.01	0.05	0.09	0.12	0.13	0.14	0.14	0.12	0.10	0.07	0.04	-0.00	-0.05	-0.09	-0.14	-0.18	-0.21	-0.24	-0.26	-0.28	-0.28	-0.28	-0.26	-0.24	
Q9D1D6_176-227	1.07	1.06	1.02	0.98	0.92	0.84	0.76	0.67	0.57	0.47	0.38	0.28	0.19	0.10	0.02	-0.05	-0.10	-0.15	-0.18	-0.21	-0.22	-0.22	-0.21	-0.19	-0.17	-0.14	-0.12	-0.09	-0.06	-0.03	-0.01	0.01	0.03	0.03	0.03	0.03	0.02	0.00	-0.02	-0.04	-0.07	-0.09	-0.12	-0.14	-0.16	-0.18	-0.19	-0.20	-0.20	-0.20	-0.19	-0.18	
Q9D1D6_176-227	0.47	0.46	0.45	0.43	0.40	0.37	0.33	0.29	0.25	0.20	0.16	0.12	0.08	0.04	0.00	-0.03	-0.05	-0.07	-0.09	-0.10	-0.11	-0.11	-0.11	-0.10	-0.09	-0.08	-0.07	-0.06	-0.05	-0.04	-0.03	-0.03	-0.02	-0.02	-0.03	-0.03	-0.04	-0.05	-0.06	-0.07	-0.08	-0.09	-0.10	-0.11	-0.11	-0.12	-0.12	-0.12	-0.11	-0.10	-0.09	-0.08	
Q9D1D6_176-227	1.35	1.33	1.29	1.23	1.15	1.06	0.95	0.83	0.71	0.58	0.45	0.32	0.19	0.07	-0.04	-0.13	-0.22	-0.28	-0.34	-0.37	-0.39	-0.40	-0.39	-0.37	-0.33	-0.29	-0.24	-0.18	-0.12	-0.06	0.00	0.06	0.11	0.16	0.20	0.23	0.25	0.27	0.27	0.27	0.26	0.24	0.22	0.19	0.16	0.13	0.09	0.06	0.03	0.00	-0.02	-0.04	
Q9D1D6_176-227	1.58	1.55	1.50	1.43	1.34	1.22	1.09	0.95	0.80	0.65	0.50	0.35	0.20	0.07	-0.05	-0.16	-0.25	-0.32	-0.37	-0.40	-0.41	-0.41	-0.40	-0.37	-0.33	-0.28	-0.23	-0.17	-0.12	-0.07	-0.02	0.02	0.05	0.07	0.08	0.08	0.07	0.06	0.03	0.01	-0.03	-0.06	-0.10	-0.14	-0.17	-0.20	-0.22	-0.23	-0.24	-0.24	-0.23	-0.22	
Q9D1D6_195-246	1.17	1.15	1.11	1.06	0.99	0.90	0.81	0.71	0.60	0.48	0.37	0.26	0.16	0.06	-0.02	-0.09	-0.15	-0.19	-0.22	-0.24	-0.24	-0.23	-0.21	-0.18	-0.14	-0.10	-0.05	-0.01	0.03	0.07	0.11	0.13	0.15	0.16	0.16	0.16	0.14	0.12	0.09	0.05	0.01	-0.03	-0.07	-0.11	-0.15	-0.19	-0.21	-0.23	-0.25	-0.25	-0.25	-0.24	
Q9D1D6_195-246	1.07	1.05	1.02	0.97	0.90	0.82	0.74	0.64	0.54	0.43	0.33	0.23	0.14	0.05	-0.03	-0.09	-0.14	-0.18	-0.21	-0.22	-0.22	-0.21	-0.19	-0.16	-0.12	-0.08	-0.04	-0.00	0.04	0.07	0.10	0.13	0.14	0.15	0.15	0.14	0.12	0.09	0.06	0.02	-0.02	-0.06	-0.10	-0.14	-0.18	-0.21	-0.23	-0.25	-0.26	-0.27	-0.26	-0.25	
Q9D1D6_195-246	1.10	1.08	1.05	1.00	0.94	0.87	0.78	0.69	0.60	0.50	0.39	0.30	0.20	0.11	0.03	-0.05	-0.11	-0.16	-0.20	-0.22	-0.24	-0.24	-0.23	-0.22	-0.19	-0.16	-0.13	-0.09	-0.06	-0.02	0.01	0.04	0.06	0.08	0.09	0.09	0.09	0.08	0.06	0.04	0.01	-0.02	-0.05	-0.08	-0.11	-0.15	-0.17	-0.20	-0.21	-0.23	-0.23	-0.23	
Q9D1D6_195-246	1.23	1.21	1.17	1.12	1.05	0.97	0.88	0.77	0.67	0.55	0.44	0.33	0.22	0.12	0.02	-0.06	-0.13	-0.19	-0.24	-0.27	-0.29	-0.30	-0.29	-0.28	-0.25	-0.22	-0.19	-0.15	-0.11	-0.07	-0.03	0.00	0.03	0.05	0.07	0.07	0.07	0.07	0.05	0.03	0.01	-0.02	-0.05	-0.09	-0.12	-0.15	-0.17	-0.20	-0.22	-0.23	-0.23	-0.23	
Q9D1D6_195-246	1.24	1.22	1.18	1.13	1.06	0.97	0.88	0.77	0.66	0.54	0.43	0.31	0.20	0.10	0.01	-0.08	-0.15	-0.20	-0.25	-0.28	-0.29	-0.29	-0.28	-0.27	-0.24	-0.20	-0.16	-0.12	-0.07	-0.03	0.02	0.06	0.09	0.12	0.14	0.16	0.17	0.17	0.17	0.16	0.15	0.13	0.11	0.09	0.07	0.05	0.03	0.01	-0.00	-0.02	-0.03	-0.03	
Q9D1D6_195-246	1.32	1.30	1.26	1.21	1.13	1.04	0.94	0.83	0.71	0.58	0.46	0.33	0.21	0.09	-0.01	-0.11	-0.19	-0.26	-0.32	-0.36	-0.38	-0.40	-0.39	-0.38	-0.35	-0.32	-0.28	-0.23	-0.18	-0.12	-0.07	-0.02	0.03	0.07	0.11	0.15	0.17	0.19	0.21	0.21	0.22	0.21	0.20	0.19	0.18	0.16	0.14	0.13	0.11	0.09	0.07	0.06	
Q9D1D6_195-246	1.10	1.08	1.05	1.00	0.93	0.85	0.75	0.65	0.55	0.44	0.33	0.22	0.12	0.02	-0.06	-0.13	-0.19	-0.24	-0.28	-0.29	-0.30	-0.29	-0.28	-0.25	-0.21	-0.17	-0.12	-0.08	-0.03	0.02	0.06	0.10	0.14	0.16	0.18	0.20	0.20	0.20	0.19	0.18	0.16	0.14	0.11	0.09	0.07	0.04	0.02	0.01	-0.01	-0.02	-0.02	-0.03	
Q9D1D6_195-246	0.57	0.56	0.54	0.50	0.46	0.41	0.35	0.29	0.23	0.16	0.10	0.04	-0.02	-0.07	-0.11	-0.14	-0.16	-0.18	-0.18	-0.18	-0.16	-0.14	-0.12	-0.09	-0.05	-0.02	0.02	0.05	0.09	0.11	0.14	0.15	0.16	0.16	0.16	0.15	0.14	0.12	0.10	0.08	0.05	0.03	0.00	-0.02	-0.04	-0.05	-0.06	-0.06	-0.06	-0.05	-0.04	-0.03	
Q9D1D6_195-246	1.31	1.29	1.25	1.20	1.13	1.05	0.96	0.85	0.74	0.63	0.52	0.40	0.29	0.19	0.09	0.01	-0.07	-0.13	-0.18	-0.21	-0.24	-0.25	-0.24	-0.23	-0.21	-0.19	-0.16	-0.12	-0.09	-0.06	-0.03	0.00	0.02	0.04	0.05	0.05	0.04	0.03	0.01	-0.01	-0.04	-0.08	-0.11	-0.15	-0.18	-0.21	-0.24	-0.27	-0.29	-0.30	-0.31	-0.30	
Q9D1D6_195-246	1.60	1.58	1.53	1.46	1.37	1.26	1.14	1.01	0.87	0.72	0.57	0.42	0.28	0.15	0.02	-0.08	-0.18	-0.25	-0.31	-0.35	-0.37	-0.38	-0.37	-0.35	-0.31	-0.27	-0.22	-0.16	-0.10	-0.04	0.01	0.06	0.11	0.15	0.18	0.21	0.22	0.23	0.22	0.21	0.20	0.18	0.15	0.12	0.10	0.07	0.04	0.01	-0.01	-0.03	-0.04	-0.05	
