Q9Z1P6_1-52	1.36	1.34	1.31	1.26	1.19	1.12	1.03	0.93	0.83	0.72	0.60	0.49	0.38	0.28	0.18	0.09	0.01	-0.07	-0.13	-0.17	-0.21	-0.24	-0.25	-0.26	-0.26	-0.25	-0.23	-0.21	-0.19	-0.16	-0.13	-0.11	-0.08	-0.06	-0.04	-0.02	-0.01	-0.00	0.01	0.01	0.01	0.01	0.01	0.01	0.00	0.00	-0.00	0.00	0.00	0.01	0.01	0.02	
Q9Z1P6_1-52	1.19	1.18	1.15	1.11	1.05	0.98	0.91	0.82	0.73	0.64	0.54	0.44	0.35	0.25	0.17	0.09	0.02	-0.05	-0.10	-0.14	-0.18	-0.20	-0.22	-0.22	-0.22	-0.21	-0.20	-0.18	-0.16	-0.14	-0.11	-0.09	-0.07	-0.05	-0.03	-0.01	0.00	0.01	0.02	0.02	0.02	0.02	0.02	0.02	0.02	0.01	0.01	0.01	0.01	0.01	0.01	0.02	
Q9Z1P6_1-52	0.90	0.89	0.87	0.83	0.79	0.73	0.67	0.60	0.53	0.45	0.38	0.30	0.23	0.16	0.10	0.04	-0.01	-0.05	-0.08	-0.11	-0.12	-0.13	-0.13	-0.12	-0.11	-0.09	-0.07	-0.05	-0.03	-0.00	0.02	0.04	0.06	0.07	0.08	0.08	0.09	0.08	0.08	0.07	0.06	0.05	0.03	0.02	0.00	-0.01	-0.02	-0.03	-0.04	-0.04	-0.04	-0.04	
Q9Z1P6_1-52	1.17	1.15	1.12	1.07	1.01	0.94	0.86	0.77	0.67	0.57	0.46	0.36	0.27	0.17	0.09	0.01	-0.05	-0.11	-0.15	-0.18	-0.20	-0.21	-0.21	-0.20	-0.19	-0.17	-0.14	-0.11	-0.08	-0.05	-0.02	0.01	0.03	0.05	0.07	0.07	0.08	0.08	0.07	0.06	0.05	0.03	0.01	-0.01	-0.02	-0.04	-0.05	-0.06	-0.07	-0.08	-0.08	-0.07	
Q9Z1P6_1-52	1.23	1.21	1.17	1.10	1.02	0.93	0.81	0.69	0.57	0.44	0.31	0.18	0.06	-0.05	-0.14	-0.23	-0.29	-0.34	-0.38	-0.39	-0.39	-0.38	-0.35	-0.31	-0.26	-0.20	-0.14	-0.08	-0.03	0.03	0.08	0.12	0.15	0.17	0.18	0.18	0.17	0.15	0.13	0.09	0.05	0.01	-0.04	-0.09	-0.13	-0.17	-0.20	-0.23	-0.25	-0.27	-0.27	-0.27	
Q9Z1P6_1-52	1.28	1.25	1.21	1.14	1.05	0.95	0.83	0.70	0.56	0.42	0.28	0.15	0.03	-0.09	-0.19	-0.27	-0.34	-0.39	-0.42	-0.43	-0.42	-0.39	-0.36	-0.31	-0.25	-0.18	-0.11	-0.05	0.02	0.08	0.13	0.18	0.21	0.23	0.24	0.24	0.22	0.20	0.16	0.12	0.07	0.01	-0.04	-0.10	-0.15	-0.20	-0.25	-0.28	-0.31	-0.33	-0.33	-0.33	
Q9Z1P6_1-52	1.22	1.20	1.16	1.10	1.03	0.94	0.84	0.73	0.62	0.50	0.38	0.26	0.15	0.05	-0.05	-0.13	-0.20	-0.25	-0.29	-0.31	-0.32	-0.32	-0.31	-0.28	-0.25	-0.21	-0.17	-0.13	-0.08	-0.04	-0.00	0.03	0.06	0.08	0.09	0.09	0.09	0.08	0.07	0.05	0.02	-0.00	-0.03	-0.06	-0.08	-0.11	-0.12	-0.14	-0.15	-0.15	-0.15	-0.15	
Q9Z1P6_1-52	0.63	0.62	0.60	0.57	0.54	0.49	0.44	0.39	0.33	0.27	0.21	0.15	0.09	0.03	-0.02	-0.07	-0.11	-0.14	-0.17	-0.19	-0.20	-0.21	-0.21	-0.20	-0.19	-0.18	-0.16	-0.14	-0.11	-0.09	-0.07	-0.04	-0.02	-0.01	0.01	0.02	0.03	0.04	0.04	0.04	0.04	0.03	0.03	0.02	0.01	0.00	-0.00	-0.01	-0.02	-0.02	-0.02	-0.03	
Q9Z1P6_1-52	1.04	1.03	1.00	0.95	0.90	0.83	0.76	0.67	0.59	0.49	0.40	0.31	0.22	0.14	0.07	0.00	-0.05	-0.10	-0.13	-0.16	-0.17	-0.17	-0.17	-0.15	-0.13	-0.10	-0.07	-0.04	-0.00	0.03	0.06	0.09	0.12	0.13	0.15	0.15	0.15	0.15	0.13	0.12	0.10	0.07	0.05	0.02	-0.00	-0.03	-0.05	-0.07	-0.09	-0.10	-0.10	-0.10	
Q9Z1P6_1-52	1.69	1.67	1.61	1.54	1.44	1.32	1.19	1.04	0.88	0.72	0.56	0.41	0.26	0.12	-0.01	-0.12	-0.21	-0.29	-0.34	-0.37	-0.39	-0.39	-0.37	-0.34	-0.29	-0.24	-0.18	-0.12	-0.06	-0.01	0.05	0.09	0.13	0.16	0.17	0.18	0.18	0.16	0.14	0.11	0.08	0.04	-0.00	-0.05	-0.08	-0.12	-0.15	-0.18	-0.19	-0.20	-0.21	-0.20	
Q9Z1P6_13-64	1.28	1.26	1.23	1.17	1.11	1.03	0.93	0.83	0.73	0.62	0.51	0.40	0.30	0.21	0.12	0.05	-0.01	-0.06	-0.10	-0.12	-0.13	-0.13	-0.12	-0.10	-0.08	-0.05	-0.02	0.01	0.04	0.07	0.09	0.11	0.11	0.11	0.11	0.09	0.07	0.04	0.01	-0.03	-0.07	-0.11	-0.15	-0.19	-0.23	-0.26	-0.28	-0.30	-0.31	-0.32	-0.31	-0.30	
Q9Z1P6_13-64	1.08	1.07	1.04	1.00	0.94	0.88	0.80	0.72	0.64	0.55	0.46	0.37	0.29	0.22	0.15	0.08	0.03	-0.01	-0.04	-0.06	-0.07	-0.08	-0.07	-0.06	-0.05	-0.03	-0.01	0.01	0.03	0.04	0.05	0.06	0.06	0.06	0.05	0.04	0.02	-0.00	-0.03	-0.06	-0.09	-0.12	-0.15	-0.17	-0.19	-0.21	-0.23	-0.24	-0.24	-0.24	-0.23	-0.22	
Q9Z1P6_13-64	0.90	0.89	0.86	0.81	0.75	0.69	0.61	0.52	0.44	0.34	0.25	0.17	0.09	0.01	-0.06	-0.11	-0.16	-0.19	-0.21	-0.22	-0.22	-0.21	-0.19	-0.16	-0.13	-0.09	-0.05	-0.01	0.02	0.06	0.09	0.11	0.13	0.13	0.14	0.13	0.12	0.10	0.07	0.05	0.02	-0.02	-0.05	-0.08	-0.11	-0.14	-0.16	-0.17	-0.19	-0.19	-0.19	-0.19	
Q9Z1P6_13-64	1.17	1.15	1.11	1.06	0.99	0.91	0.81	0.71	0.60	0.49	0.38	0.27	0.16	0.07	-0.02	-0.09	-0.15	-0.20	-0.23	-0.25	-0.26	-0.25	-0.23	-0.21	-0.17	-0.13	-0.09	-0.04	0.00	0.04	0.08	0.11	0.14	0.15	0.16	0.16	0.15	0.13	0.11	0.08	0.05	0.01	-0.03	-0.06	-0.10	-0.13	-0.16	-0.19	-0.21	-0.22	-0.22	-0.22	
Q9Z1P6_13-64	1.28	1.26	1.22	1.16	1.09	1.00	0.90	0.79	0.67	0.54	0.42	0.30	0.18	0.07	-0.03	-0.13	-0.20	-0.27	-0.32	-0.35	-0.37	-0.37	-0.36	-0.34	-0.31	-0.27	-0.22	-0.17	-0.12	-0.06	-0.01	0.04	0.09	0.13	0.16	0.18	0.20	0.21	0.21	0.20	0.19	0.17	0.15	0.12	0.10	0.07	0.04	0.02	-0.00	-0.02	-0.04	-0.05	
Q9Z1P6_13-64	1.37	1.35	1.30	1.24	1.16	1.06	0.95	0.82	0.69	0.56	0.42	0.28	0.15	0.03	-0.09	-0.19	-0.27	-0.34	-0.40	-0.43	-0.45	-0.46	-0.44	-0.41	-0.37	-0.32	-0.26	-0.20	-0.13	-0.06	0.00	0.07	0.13	0.18	0.22	0.26	0.28	0.30	0.30	0.30	0.29	0.27	0.24	0.21	0.18	0.14	0.11	0.07	0.04	0.01	-0.01	-0.03	
Q9Z1P6_13-64	1.24	1.22	1.19	1.13	1.06	0.97	0.87	0.76	0.65	0.53	0.41	0.30	0.18	0.08	-0.01	-0.09	-0.16	-0.22	-0.26	-0.28	-0.29	-0.29	-0.27	-0.25	-0.21	-0.17	-0.13	-0.08	-0.03	0.01	0.05	0.09	0.12	0.14	0.15	0.16	0.16	0.14	0.13	0.10	0.07	0.04	0.01	-0.03	-0.06	-0.09	-0.12	-0.15	-0.16	-0.17	-0.18	-0.18	
Q9Z1P6_13-64	0.72	0.71	0.68	0.65	0.60	0.54	0.47	0.40	0.32	0.25	0.17	0.09	0.03	-0.04	-0.09	-0.14	-0.18	-0.20	-0.22	-0.22	-0.22	-0.21	-0.19	-0.16	-0.13	-0.10	-0.07	-0.03	-0.00	0.02	0.05	0.06	0.07	0.08	0.07	0.06	0.05	0.02	-0.00	-0.03	-0.07	-0.10	-0.13	-0.16	-0.19	-0.21	-0.23	-0.24	-0.24	-0.24	-0.23	-0.22	
Q9Z1P6_13-64	0.98	0.96	0.93	0.89	0.83	0.77	0.69	0.61	0.52	0.43	0.34	0.25	0.16	0.09	0.01	-0.05	-0.10	-0.14	-0.18	-0.20	-0.21	-0.21	-0.20	-0.18	-0.16	-0.13	-0.10	-0.07	-0.04	-0.01	0.02	0.05	0.07	0.08	0.10	0.10	0.10	0.10	0.09	0.08	0.06	0.04	0.03	0.01	-0.01	-0.02	-0.04	-0.05	-0.06	-0.06	-0.06	-0.06	
Q9Z1P6_13-64	1.69	1.66	1.61	1.53	1.44	1.32	1.19	1.04	0.89	0.73	0.57	0.41	0.26	0.12	-0.00	-0.11	-0.21	-0.28	-0.33	-0.37	-0.38	-0.38	-0.36	-0.33	-0.28	-0.23	-0.17	-0.10	-0.04	0.02	0.08	0.13	0.17	0.20	0.22	0.23	0.23	0.21	0.19	0.16	0.13	0.09	0.04	-0.00	-0.05	-0.09	-0.12	-0.15	-0.17	-0.19	-0.19	-0.19	
Q9Z1P6_26-77	1.20	1.18	1.14	1.08	1.01	0.92	0.82	0.71	0.60	0.48	0.37	0.26	0.15	0.06	-0.03	-0.10	-0.16	-0.20	-0.22	-0.23	-0.23	-0.21	-0.18	-0.15	-0.10	-0.05	0.00	0.06	0.11	0.16	0.20	0.23	0.26	0.28	0.29	0.29	0.28	0.26	0.24	0.21	0.18	0.14	0.10	0.07	0.03	0.00	-0.02	-0.04	-0.06	-0.06	-0.06	-0.06	
Q9Z1P6_26-77	1.02	1.01	0.97	0.92	0.86	0.78	0.69	0.60	0.50	0.40	0.29	0.20	0.11	0.03	-0.04	-0.10	-0.15	-0.18	-0.20	-0.20	-0.19	-0.17	-0.14	-0.10	-0.05	-0.00	0.05	0.10	0.15	0.19	0.23	0.25	0.28	0.29	0.29	0.28	0.27	0.24	0.21	0.18	0.14	0.10	0.05	0.01	-0.02	-0.06	-0.09	-0.11	-0.12	-0.13	-0.13	-0.13	
Q9Z1P6_26-77	0.96	0.94	0.91	0.86	0.80	0.73	0.64	0.55	0.45	0.36	0.26	0.16	0.07	-0.02	-0.09	-0.16	-0.21	-0.25	-0.28	-0.30	-0.30	-0.29	-0.27	-0.24	-0.20	-0.16	-0.11	-0.06	-0.01	0.04	0.08	0.12	0.15	0.18	0.19	0.20	0.21	0.20	0.19	0.17	0.15	0.12	0.09	0.06	0.03	0.00	-0.02	-0.04	-0.06	-0.08	-0.08	-0.09	
Q9Z1P6_26-77	1.18	1.16	1.12	1.07	0.99	0.91	0.81	0.70	0.59	0.47	0.36	0.24	0.13	0.03	-0.06	-0.13	-0.20	-0.25	-0.29	-0.31	-0.32	-0.31	-0.29	-0.26	-0.23	-0.18	-0.13	-0.08	-0.03	0.02	0.06	0.10	0.14	0.16	0.18	0.19	0.19	0.19	0.18	0.16	0.14	0.11	0.08	0.05	0.02	-0.00	-0.03	-0.05	-0.06	-0.07	-0.08	-0.07	
Q9Z1P6_26-77	1.24	1.22	1.18	1.13	1.07	0.99	0.90	0.80	0.69	0.58	0.47	0.36	0.25	0.14	0.05	-0.04	-0.11	-0.18	-0.23	-0.27	-0.29	-0.31	-0.31	-0.31	-0.29	-0.27	-0.25	-0.21	-0.18	-0.15	-0.12	-0.09	-0.06	-0.04	-0.02	-0.01	-0.00	-0.00	-0.00	-0.01	-0.02	-0.04	-0.06	-0.07	-0.09	-0.11	-0.12	-0.13	-0.14	-0.15	-0.15	-0.14	
Q9Z1P6_26-77	1.36	1.34	1.30	1.25	1.18	1.09	0.99	0.88	0.76	0.64	0.52	0.39	0.27	0.15	0.05	-0.05	-0.14	-0.22	-0.28	-0.33	-0.37	-0.39	-0.40	-0.40	-0.39	-0.37	-0.35	-0.31	-0.28	-0.24	-0.20	-0.16	-0.13	-0.10	-0.07	-0.05	-0.04	-0.02	-0.02	-0.02	-0.03	-0.03	-0.05	-0.06	-0.07	-0.09	-0.10	-0.12	-0.13	-0.13	-0.14	-0.14	
Q9Z1P6_26-77	1.15	1.13	1.10	1.05	0.99	0.92	0.84	0.75	0.65	0.55	0.44	0.34	0.24	0.15	0.06	-0.02	-0.09	-0.15	-0.20	-0.23	-0.26	-0.27	-0.27	-0.26	-0.25	-0.23	-0.20	-0.16	-0.13	-0.09	-0.05	-0.02	0.01	0.04	0.07	0.08	0.10	0.11	0.11	0.11	0.10	0.09	0.08	0.06	0.05	0.03	0.01	-0.00	-0.02	-0.03	-0.04	-0.05	
Q9Z1P6_26-77	0.67	0.67	0.65	0.62	0.59	0.55	0.51	0.46	0.41	0.35	0.29	0.24	0.18	0.12	0.07	0.03	-0.02	-0.05	-0.09	-0.11	-0.13	-0.14	-0.15	-0.15	-0.14	-0.13	-0.12	-0.10	-0.08	-0.06	-0.03	-0.01	0.02	0.05	0.07	0.09	0.11	0.13	0.14	0.15	0.16	0.17	0.17	0.17	0.16	0.15	0.15	0.13	0.12	0.11	0.09	0.08	
Q9Z1P6_26-77	1.07	1.06	1.02	0.96	0.89	0.80	0.70	0.60	0.48	0.37	0.26	0.15	0.04	-0.05	-0.13	-0.20	-0.25	-0.29	-0.32	-0.32	-0.32	-0.30	-0.26	-0.22	-0.18	-0.12	-0.07	-0.01	0.04	0.09	0.13	0.16	0.19	0.20	0.20	0.20	0.18	0.16	0.13	0.09	0.04	-0.00	-0.05	-0.09	-0.13	-0.17	-0.20	-0.23	-0.25	-0.25	-0.25	-0.25	
Q9Z1P6_26-77	1.58	1.56	1.51	1.44	1.36	1.25	1.14	1.01	0.87	0.72	0.58	0.43	0.29	0.16	0.04	-0.07	-0.16	-0.24	-0.31	-0.35	-0.38	-0.39	-0.39	-0.37	-0.35	-0.31	-0.26	-0.21	-0.16	-0.11	-0.06	-0.01	0.04	0.07	0.10	0.13	0.14	0.15	0.14	0.13	0.12	0.10	0.07	0.05	0.02	-0.01	-0.04	-0.07	-0.09	-0.11	-0.12	-0.13	
Q9Z1P6_38-89	1.24	1.22	1.17	1.10	1.01	0.91	0.78	0.65	0.51	0.37	0.23	0.09	-0.03	-0.15	-0.25	-0.33	-0.40	-0.45	-0.48	-0.49	-0.48	-0.45	-0.41	-0.36	-0.30	-0.23	-0.16	-0.09	-0.02	0.04	0.10	0.14	0.18	0.20	0.21	0.21	0.20	0.18	0.14	0.10	0.06	0.01	-0.04	-0.09	-0.13	-0.17	-0.20	-0.23	-0.25	-0.25	-0.25	-0.24	
Q9Z1P6_38-89	1.10	1.08	1.04	0.97	0.89	0.79	0.67	0.55	0.42	0.29	0.16	0.04	-0.08	-0.18	-0.27	-0.35	-0.41	-0.45	-0.47	-0.47	-0.46	-0.43	-0.39	-0.33	-0.27	-0.20	-0.13	-0.06	0.01	0.07	0.13	0.18	0.21	0.24	0.25	0.25	0.25	0.23	0.20	0.16	0.12	0.07	0.03	-0.02	-0.06	-0.10	-0.13	-0.15	-0.17	-0.18	-0.18	-0.17	
Q9Z1P6_38-89	0.94	0.93	0.90	0.85	0.80	0.73	0.66	0.58	0.49	0.40	0.30	0.21	0.12	0.04	-0.04	-0.11	-0.17	-0.22	-0.26	-0.29	-0.31	-0.32	-0.32	-0.31	-0.29	-0.27	-0.24	-0.21	-0.17	-0.14	-0.10	-0.07	-0.04	-0.01	0.01	0.03	0.04	0.05	0.06	0.06	0.05	0.05	0.04	0.02	0.01	-0.00	-0.02	-0.03	-0.04	-0.05	-0.06	-0.06	
Q9Z1P6_38-89	1.10	1.09	1.06	1.01	0.95	0.87	0.79	0.70	0.60	0.50	0.39	0.29	0.19	0.09	0.01	-0.07	-0.14	-0.20	-0.25	-0.28	-0.30	-0.32	-0.32	-0.31	-0.29	-0.27	-0.24	-0.20	-0.17	-0.13	-0.10	-0.06	-0.03	-0.01	0.02	0.03	0.04	0.05	0.05	0.04	0.04	0.02	0.01	-0.01	-0.02	-0.04	-0.06	-0.07	-0.09	-0.10	-0.10	-0.11	
Q9Z1P6_38-89	1.27	1.25	1.22	1.17	1.10	1.02	0.93	0.83	0.72	0.61	0.50	0.39	0.29	0.19	0.10	0.02	-0.05	-0.11	-0.15	-0.18	-0.19	-0.20	-0.19	-0.17	-0.15	-0.12	-0.08	-0.04	0.00	0.04	0.08	0.11	0.13	0.15	0.17	0.17	0.17	0.16	0.14	0.12	0.09	0.06	0.03	-0.01	-0.04	-0.07	-0.10	-0.13	-0.15	-0.17	-0.18	-0.19	
Q9Z1P6_38-89	1.36	1.35	1.31	1.26	1.20	1.12	1.03	0.94	0.83	0.72	0.61	0.50	0.40	0.29	0.20	0.11	0.04	-0.03	-0.08	-0.12	-0.15	-0.17	-0.17	-0.17	-0.16	-0.14	-0.11	-0.08	-0.05	-0.02	0.01	0.03	0.06	0.07	0.09	0.10	0.10	0.09	0.08	0.07	0.05	0.02	-0.00	-0.03	-0.06	-0.08	-0.11	-0.13	-0.15	-0.16	-0.17	-0.18	
Q9Z1P6_38-89	1.15	1.14	1.10	1.05	0.99	0.91	0.82	0.72	0.62	0.51	0.41	0.30	0.20	0.10	0.02	-0.06	-0.12	-0.17	-0.21	-0.24	-0.26	-0.26	-0.25	-0.23	-0.21	-0.17	-0.14	-0.10	-0.06	-0.03	0.01	0.04	0.06	0.08	0.09	0.09	0.09	0.08	0.06	0.04	0.01	-0.02	-0.05	-0.08	-0.11	-0.14	-0.16	-0.18	-0.20	-0.21	-0.21	-0.21	
Q9Z1P6_38-89	0.58	0.58	0.56	0.54	0.52	0.48	0.45	0.40	0.36	0.31	0.27	0.22	0.17	0.13	0.08	0.04	0.01	-0.03	-0.05	-0.08	-0.10	-0.11	-0.12	-0.13	-0.13	-0.13	-0.12	-0.12	-0.11	-0.10	-0.09	-0.09	-0.08	-0.07	-0.07	-0.06	-0.06	-0.06	-0.07	-0.07	-0.07	-0.08	-0.09	-0.09	-0.10	-0.10	-0.11	-0.11	-0.11	-0.11	-0.10	-0.09	
Q9Z1P6_38-89	1.17	1.15	1.11	1.05	0.97	0.88	0.78	0.66	0.54	0.42	0.29	0.17	0.06	-0.05	-0.14	-0.22	-0.29	-0.33	-0.37	-0.39	-0.39	-0.37	-0.35	-0.31	-0.27	-0.21	-0.15	-0.09	-0.04	0.02	0.08	0.12	0.16	0.19	0.22	0.23	0.23	0.23	0.22	0.20	0.18	0.15	0.12	0.09	0.05	0.02	-0.00	-0.03	-0.04	-0.06	-0.07	-0.07	
Q9Z1P6_38-89	1.68	1.66	1.60	1.52	1.42	1.30	1.16	1.01	0.85	0.68	0.51	0.35	0.20	0.06	-0.07	-0.18	-0.27	-0.34	-0.39	-0.42	-0.43	-0.42	-0.40	-0.36	-0.30	-0.24	-0.18	-0.11	-0.04	0.02	0.08	0.12	0.16	0.19	0.20	0.20	0.19	0.17	0.14	0.10	0.05	-0.00	-0.05	-0.11	-0.16	-0.20	-0.24	-0.27	-0.29	-0.31	-0.31	-0.30	
Q9Z1P6_51-102	1.40	1.38	1.33	1.26	1.17	1.07	0.94	0.81	0.67	0.53	0.38	0.23	0.10	-0.03	-0.15	-0.26	-0.34	-0.41	-0.47	-0.50	-0.52	-0.52	-0.50	-0.47	-0.42	-0.37	-0.31	-0.24	-0.17	-0.10	-0.04	0.03	0.08	0.13	0.17	0.20	0.21	0.22	0.22	0.21	0.20	0.17	0.14	0.11	0.07	0.04	0.00	-0.03	-0.06	-0.09	-0.11	-0.13	
Q9Z1P6_51-102	1.27	1.25	1.20	1.14	1.05	0.95	0.83	0.71	0.57	0.43	0.29	0.15	0.02	-0.10	-0.21	-0.31	-0.39	-0.46	-0.51	-0.54	-0.55	-0.55	-0.53	-0.49	-0.45	-0.39	-0.33	-0.27	-0.20	-0.14	-0.07	-0.01	0.04	0.08	0.12	0.14	0.16	0.17	0.17	0.16	0.14	0.11	0.09	0.05	0.02	-0.01	-0.05	-0.08	-0.10	-0.13	-0.14	-0.16	
Q9Z1P6_51-102	0.95	0.94	0.91	0.88	0.83	0.77	0.70	0.62	0.55	0.46	0.38	0.30	0.22	0.14	0.07	0.01	-0.04	-0.09	-0.12	-0.15	-0.17	-0.18	-0.18	-0.17	-0.16	-0.14	-0.13	-0.10	-0.08	-0.06	-0.04	-0.02	-0.00	0.01	0.01	0.02	0.01	0.01	-0.00	-0.01	-0.03	-0.05	-0.06	-0.08	-0.10	-0.11	-0.13	-0.14	-0.14	-0.15	-0.15	-0.14	
Q9Z1P6_51-102	1.10	1.08	1.05	1.01	0.95	0.89	0.81	0.72	0.63	0.54	0.44	0.35	0.26	0.18	0.10	0.03	-0.03	-0.08	-0.12	-0.15	-0.16	-0.17	-0.17	-0.16	-0.14	-0.12	-0.09	-0.07	-0.04	-0.01	0.01	0.03	0.05	0.06	0.07	0.07	0.07	0.06	0.05	0.03	0.01	-0.01	-0.04	-0.06	-0.08	-0.10	-0.11	-0.13	-0.13	-0.14	-0.14	-0.13	
Q9Z1P6_51-102	1.17	1.16	1.12	1.07	1.01	0.93	0.84	0.74	0.64	0.53	0.42	0.31	0.21	0.11	0.03	-0.05	-0.12	-0.17	-0.21	-0.24	-0.26	-0.26	-0.25	-0.23	-0.21	-0.18	-0.14	-0.10	-0.05	-0.01	0.03	0.06	0.10	0.12	0.14	0.15	0.16	0.16	0.15	0.14	0.12	0.10	0.08	0.06	0.03	0.01	-0.01	-0.03	-0.04	-0.06	-0.06	-0.07	
Q9Z1P6_51-102	1.22	1.20	1.17	1.12	1.06	0.98	0.89	0.80	0.70	0.60	0.49	0.39	0.30	0.20	0.12	0.05	-0.01	-0.06	-0.10	-0.13	-0.14	-0.14	-0.14	-0.12	-0.10	-0.07	-0.04	-0.00	0.03	0.06	0.09	0.12	0.14	0.15	0.16	0.16	0.16	0.15	0.13	0.11	0.09	0.07	0.04	0.02	-0.01	-0.03	-0.04	-0.06	-0.07	-0.07	-0.07	-0.06	
Q9Z1P6_51-102	1.16	1.14	1.11	1.06	1.00	0.92	0.83	0.74	0.63	0.53	0.42	0.31	0.21	0.11	0.03	-0.05	-0.12	-0.18	-0.22	-0.25	-0.27	-0.27	-0.27	-0.25	-0.22	-0.19	-0.15	-0.10	-0.05	-0.01	0.04	0.08	0.12	0.15	0.18	0.20	0.21	0.21	0.21	0.20	0.19	0.17	0.14	0.11	0.08	0.05	0.02	-0.01	-0.03	-0.06	-0.08	-0.09	
Q9Z1P6_51-102	0.59	0.58	0.57	0.54	0.52	0.48	0.44	0.40	0.35	0.31	0.26	0.21	0.16	0.12	0.08	0.04	0.01	-0.02	-0.04	-0.06	-0.07	-0.07	-0.07	-0.06	-0.05	-0.04	-0.02	0.00	0.02	0.05	0.07	0.09	0.11	0.12	0.13	0.14	0.15	0.15	0.14	0.14	0.12	0.11	0.09	0.07	0.05	0.03	0.00	-0.02	-0.05	-0.07	-0.09	-0.11	
Q9Z1P6_51-102	1.19	1.17	1.13	1.08	1.00	0.92	0.81	0.70	0.59	0.47	0.35	0.23	0.11	0.00	-0.09	-0.18	-0.25	-0.31	-0.35	-0.38	-0.40	-0.40	-0.39	-0.37	-0.34	-0.30	-0.26	-0.21	-0.17	-0.13	-0.09	-0.05	-0.02	0.00	0.02	0.03	0.03	0.02	0.01	-0.00	-0.02	-0.05	-0.07	-0.09	-0.12	-0.14	-0.15	-0.17	-0.18	-0.18	-0.18	-0.17	
Q9Z1P6_51-102	1.72	1.70	1.64	1.57	1.47	1.35	1.21	1.06	0.90	0.73	0.57	0.40	0.24	0.10	-0.04	-0.16	-0.26	-0.34	-0.41	-0.45	-0.47	-0.47	-0.46	-0.43	-0.38	-0.32	-0.26	-0.19	-0.12	-0.04	0.03	0.09	0.15	0.20	0.24	0.27	0.29	0.29	0.29	0.27	0.25	0.22	0.18	0.14	0.10	0.06	0.01	-0.02	-0.06	-0.09	-0.11	-0.13	
Q9Z1P6_63-114	1.46	1.43	1.39	1.32	1.24	1.14	1.02	0.89	0.76	0.62	0.47	0.33	0.20	0.07	-0.05	-0.15	-0.24	-0.32	-0.38	-0.42	-0.45	-0.46	-0.45	-0.44	-0.41	-0.38	-0.33	-0.29	-0.24	-0.19	-0.15	-0.10	-0.07	-0.04	-0.02	-0.00	0.01	0.01	0.00	-0.01	-0.03	-0.05	-0.07	-0.09	-0.12	-0.14	-0.15	-0.17	-0.18	-0.18	-0.18	-0.17	
Q9Z1P6_63-114	1.37	1.35	1.31	1.25	1.17	1.07	0.97	0.85	0.72	0.59	0.46	0.33	0.20	0.09	-0.02	-0.12	-0.21	-0.28	-0.34	-0.38	-0.40	-0.42	-0.42	-0.40	-0.38	-0.35	-0.31	-0.27	-0.23	-0.18	-0.14	-0.10	-0.07	-0.04	-0.02	-0.00	0.01	0.01	0.01	-0.00	-0.02	-0.03	-0.05	-0.07	-0.09	-0.11	-0.12	-0.14	-0.14	-0.15	-0.15	-0.14	
Q9Z1P6_63-114	0.94	0.93	0.90	0.86	0.81	0.75	0.68	0.61	0.53	0.45	0.37	0.29	0.22	0.15	0.09	0.03	-0.01	-0.05	-0.08	-0.09	-0.10	-0.10	-0.09	-0.07	-0.05	-0.03	-0.00	0.03	0.06	0.08	0.10	0.12	0.14	0.15	0.15	0.15	0.15	0.14	0.12	0.10	0.08	0.06	0.03	0.01	-0.01	-0.03	-0.05	-0.06	-0.07	-0.08	-0.08	-0.08	
Q9Z1P6_63-114	1.08	1.07	1.04	0.99	0.93	0.85	0.77	0.68	0.58	0.49	0.39	0.29	0.20	0.12	0.04	-0.02	-0.07	-0.11	-0.14	-0.16	-0.16	-0.15	-0.14	-0.11	-0.08	-0.05	-0.01	0.03	0.07	0.10	0.13	0.16	0.18	0.19	0.20	0.19	0.18	0.17	0.15	0.12	0.10	0.07	0.04	0.01	-0.02	-0.05	-0.07	-0.09	-0.10	-0.10	-0.11	-0.10	
Q9Z1P6_63-114	1.15	1.14	1.10	1.05	0.98	0.90	0.81	0.70	0.60	0.49	0.37	0.26	0.16	0.06	-0.03	-0.11	-0.18	-0.23	-0.27	-0.30	-0.31	-0.31	-0.30	-0.28	-0.25	-0.22	-0.18	-0.13	-0.09	-0.05	-0.01	0.03	0.06	0.08	0.10	0.10	0.10	0.10	0.09	0.07	0.04	0.02	-0.01	-0.04	-0.07	-0.10	-0.13	-0.15	-0.17	-0.18	-0.19	-0.19	
Q9Z1P6_63-114	1.15	1.13	1.10	1.04	0.97	0.89	0.80	0.69	0.59	0.47	0.36	0.25	0.15	0.05	-0.03	-0.11	-0.17	-0.22	-0.26	-0.28	-0.28	-0.27	-0.26	-0.23	-0.19	-0.15	-0.10	-0.05	-0.00	0.05	0.09	0.13	0.16	0.18	0.20	0.20	0.20	0.19	0.17	0.14	0.11	0.07	0.04	-0.00	-0.04	-0.08	-0.11	-0.14	-0.17	-0.19	-0.20	-0.20	
Q9Z1P6_63-114	1.11	1.10	1.06	1.01	0.95	0.87	0.78	0.68	0.57	0.46	0.35	0.24	0.14	0.04	-0.05	-0.13	-0.20	-0.26	-0.31	-0.34	-0.36	-0.37	-0.36	-0.35	-0.32	-0.29	-0.26	-0.22	-0.17	-0.13	-0.09	-0.05	-0.02	0.01	0.04	0.05	0.06	0.06	0.06	0.05	0.03	0.01	-0.01	-0.03	-0.06	-0.08	-0.11	-0.13	-0.14	-0.15	-0.16	-0.16	
Q9Z1P6_63-114	0.57	0.56	0.54	0.51	0.46	0.41	0.36	0.29	0.23	0.16	0.09	0.02	-0.04	-0.10	-0.15	-0.20	-0.24	-0.27	-0.29	-0.30	-0.30	-0.30	-0.29	-0.27	-0.24	-0.21	-0.17	-0.14	-0.10	-0.06	-0.03	0.00	0.03	0.05	0.07	0.08	0.09	0.09	0.08	0.07	0.06	0.04	0.02	-0.00	-0.03	-0.05	-0.07	-0.09	-0.11	-0.12	-0.13	-0.14	
Q9Z1P6_63-114	1.24	1.22	1.19	1.14	1.08	1.00	0.91	0.82	0.72	0.61	0.51	0.40	0.30	0.21	0.12	0.05	-0.02	-0.07	-0.11	-0.14	-0.16	-0.16	-0.16	-0.15	-0.13	-0.11	-0.08	-0.05	-0.02	0.01	0.03	0.06	0.08	0.09	0.10	0.10	0.10	0.09	0.08	0.06	0.04	0.02	0.01	-0.01	-0.03	-0.04	-0.06	-0.06	-0.07	-0.07	-0.07	-0.06	
Q9Z1P6_63-114	1.61	1.59	1.54	1.48	1.39	1.29	1.17	1.03	0.89	0.74	0.59	0.44	0.30	0.16	0.03	-0.09	-0.20	-0.28	-0.36	-0.42	-0.46	-0.48	-0.49	-0.48	-0.46	-0.43	-0.40	-0.35	-0.30	-0.25	-0.20	-0.15	-0.10	-0.06	-0.03	0.00	0.02	0.03	0.04	0.03	0.03	0.01	-0.01	-0.03	-0.05	-0.08	-0.10	-0.12	-0.14	-0.16	-0.17	-0.17	
