-100.00	0.00
-99.00	0.00
-98.00	0.00
-97.00	0.00
-96.00	0.00
-95.00	0.00
-94.00	0.00
-93.00	0.00
-92.00	0.00
-91.00	0.00
-90.00	0.00
-89.00	0.00
-88.00	0.00
-87.00	0.00
-86.00	0.00
-85.00	0.00
-84.00	0.00
-83.00	0.00
-82.00	0.00
-81.00	0.00
-80.00	0.00
-79.00	0.00
-78.00	0.00
-77.00	0.00
-76.00	0.00
-75.00	0.00
-74.00	0.00
-73.00	0.00
-72.00	0.00
-71.00	0.00
-70.00	0.00
-69.00	0.00
-68.00	0.00
-67.00	0.00
-66.00	0.00
-65.00	0.00
-64.00	0.00
-63.00	0.00
-62.00	0.00
-61.00	0.00
-60.00	0.00
-59.00	0.00
-58.00	0.00
-57.00	0.00
-56.00	0.00
-55.00	0.00
-54.00	0.00
-53.00	0.00
-52.00	0.00
-51.00	0.00
-50.00	0.00
-49.00	0.00
-48.00	0.00
-47.00	0.00
-46.00	0.00
-45.00	0.00
-44.00	0.00
-43.00	0.00
-42.00	0.00
-41.00	0.00
-40.00	0.00
-39.00	0.00
-38.00	0.00
-37.00	0.00
-36.00	0.00
-35.00	0.01
-34.00	0.01
-33.00	0.01
-32.00	0.01
-31.00	0.01
-30.00	0.01
-29.00	0.01
-28.00	0.01
-27.00	0.01
-26.00	0.01
-25.00	0.01
-24.00	0.01
-23.00	0.01
-22.00	0.01
-21.00	0.01
-20.00	0.01
-19.00	0.01
-18.00	0.01
-17.00	0.01
-16.00	0.01
-15.00	0.01
-14.00	0.01
-13.00	0.01
-12.00	0.01
-11.00	0.01
-10.00	0.01
-9.00	0.02
-8.00	0.02
-7.00	0.02
-6.00	0.02
-5.00	0.02
-4.00	0.02
-3.00	0.02
-2.00	0.02
-1.00	0.03
0.00	0.03
1.00	0.03
2.00	0.03
3.00	0.04
4.00	0.04
5.00	0.05
6.00	0.05
7.00	0.06
8.00	0.07
9.00	0.08
10.00	0.10
11.00	0.11
12.00	0.12
13.00	0.14
14.00	0.16
15.00	0.18
16.00	0.20
17.00	0.22
18.00	0.25
19.00	0.27
20.00	0.29
21.00	0.32
22.00	0.35
23.00	0.37
24.00	0.40
25.00	0.43
26.00	0.45
27.00	0.48
28.00	0.50
29.00	0.53
30.00	0.56
31.00	0.58
32.00	0.60
33.00	0.62
34.00	0.64
35.00	0.66
36.00	0.69
37.00	0.71
38.00	0.73
39.00	0.75
40.00	0.77
41.00	0.79
42.00	0.81
43.00	0.82
44.00	0.83
45.00	0.84
46.00	0.85
47.00	0.86
48.00	0.88
49.00	0.88
50.00	0.90
51.00	0.90
52.00	0.91
53.00	0.92
54.00	0.92
55.00	0.93
56.00	0.93
57.00	0.93
58.00	0.94
59.00	0.94
60.00	0.94
61.00	0.94
62.00	0.95
63.00	0.95
64.00	0.95
65.00	0.95
66.00	0.96
67.00	0.96
68.00	0.96
69.00	0.96
70.00	0.96
71.00	0.97
72.00	0.97
73.00	0.97
74.00	0.97
75.00	0.97
76.00	0.97
77.00	0.97
78.00	0.97
79.00	0.97
80.00	0.98
81.00	0.98
82.00	0.98
83.00	0.98
84.00	0.98
85.00	0.98
86.00	0.98
87.00	0.98
88.00	0.98
89.00	0.98
90.00	0.98
91.00	0.98
92.00	0.98
93.00	0.99
94.00	0.99
95.00	0.99
96.00	0.99
97.00	0.99
98.00	0.99
99.00	0.99
100.00	0.99
101.00	0.99
102.00	0.99
103.00	0.99
104.00	0.99
105.00	0.99
106.00	0.99
107.00	0.99
108.00	0.99
109.00	0.99
110.00	0.99
111.00	0.99
112.00	0.99
113.00	0.99
114.00	0.99
115.00	0.99
116.00	0.99
117.00	0.99
118.00	0.99
119.00	0.99
120.00	0.99
121.00	0.99
122.00	0.99
123.00	0.99
124.00	0.99
125.00	0.99
126.00	1.00
127.00	1.00
128.00	1.00
129.00	1.00
130.00	1.00
131.00	1.00
132.00	1.00
133.00	1.00
134.00	1.00
135.00	1.00
136.00	1.00
137.00	1.00
138.00	1.00
139.00	1.00
140.00	1.00
141.00	1.00
142.00	1.00
143.00	1.00
144.00	1.00
145.00	1.00
146.00	1.00
147.00	1.00
148.00	1.00
149.00	1.00
150.00	1.00
151.00	1.00
152.00	1.00
153.00	1.00
154.00	1.00
155.00	1.00
156.00	1.00
157.00	1.00
158.00	1.00
159.00	1.00
160.00	1.00
161.00	1.00
162.00	1.00
163.00	1.00
164.00	1.00
165.00	1.00
166.00	1.00
167.00	1.00
168.00	1.00
169.00	1.00
170.00	1.00
171.00	1.00
172.00	1.00
173.00	1.00
174.00	1.00
175.00	1.00
176.00	1.00
177.00	1.00
178.00	1.00
179.00	1.00
180.00	1.00
181.00	1.00
182.00	1.00
183.00	1.00
184.00	1.00
185.00	1.00
186.00	1.00
187.00	1.00
188.00	1.00
189.00	1.00
190.00	1.00
191.00	1.00
192.00	1.00
193.00	1.00
194.00	1.00
195.00	1.00
196.00	1.00
197.00	1.00
198.00	1.00
199.00	1.00
200.00	1.00
201.00	1.00
202.00	1.00
203.00	1.00
204.00	1.00
205.00	1.00
206.00	1.00
207.00	1.00
208.00	1.00
209.00	1.00
210.00	1.00
211.00	1.00
212.00	1.00
213.00	1.00
214.00	1.00
215.00	1.00
216.00	1.00
217.00	1.00
218.00	1.00
219.00	1.00
220.00	1.00
221.00	1.00
222.00	1.00
223.00	1.00
224.00	1.00
225.00	1.00
226.00	1.00
227.00	1.00
228.00	1.00
229.00	1.00
230.00	1.00
231.00	1.00
232.00	1.00
233.00	1.00
234.00	1.00
235.00	1.00
236.00	1.00
237.00	1.00
238.00	1.00
239.00	1.00
240.00	1.00
241.00	1.00
242.00	1.00
243.00	1.00
244.00	1.00
245.00	1.00
246.00	1.00
247.00	1.00
248.00	1.00
249.00	1.00
250.00	1.00
251.00	1.00
252.00	1.00
253.00	1.00
254.00	1.00
255.00	1.00
256.00	1.00
257.00	1.00
258.00	1.00
259.00	1.00
260.00	1.00
261.00	1.00
262.00	1.00
263.00	1.00
264.00	1.00
265.00	1.00
266.00	1.00
267.00	1.00
268.00	1.00
269.00	1.00
270.00	1.00
271.00	1.00
272.00	1.00
273.00	1.00
274.00	1.00
275.00	1.00
276.00	1.00
277.00	1.00
278.00	1.00
279.00	1.00
280.00	1.00
281.00	1.00
282.00	1.00
283.00	1.00
284.00	1.00
285.00	1.00
286.00	1.00
287.00	1.00
288.00	1.00
289.00	1.00
290.00	1.00
291.00	1.00
292.00	1.00
293.00	1.00
294.00	1.00
295.00	1.00
296.00	1.00
297.00	1.00
298.00	1.00
299.00	1.00
300.00	1.00
