-100.00	0.00	0.00
-99.00	0.00	0.00
-98.00	0.00	0.00
-97.00	0.00	0.00
-96.00	0.00	0.00
-95.00	0.00	0.00
-94.00	0.00	0.00
-93.00	0.00	0.00
-92.00	0.00	0.00
-91.00	0.00	0.00
-90.00	0.00	0.00
-89.00	0.00	0.00
-88.00	0.00	0.00
-87.00	0.00	0.00
-86.00	0.00	0.00
-85.00	0.00	0.00
-84.00	0.00	0.00
-83.00	0.00	0.00
-82.00	0.00	0.00
-81.00	0.00	0.00
-80.00	0.00	0.00
-79.00	0.00	0.00
-78.00	0.00	0.00
-77.00	0.00	0.00
-76.00	0.00	0.00
-75.00	0.00	0.00
-74.00	0.00	0.00
-73.00	0.00	0.00
-72.00	0.00	0.00
-71.00	0.00	0.00
-70.00	0.00	0.00
-69.00	0.00	0.00
-68.00	0.00	0.00
-67.00	0.00	0.00
-66.00	0.00	0.00
-65.00	0.00	0.00
-64.00	0.00	0.00
-63.00	0.00	0.00
-62.00	0.00	0.00
-61.00	0.00	0.00
-60.00	0.00	0.00
-59.00	0.00	0.00
-58.00	0.00	0.00
-57.00	0.00	0.00
-56.00	0.00	0.00
-55.00	0.00	0.00
-54.00	0.00	0.00
-53.00	0.00	0.00
-52.00	0.00	0.00
-51.00	0.00	0.00
-50.00	0.00	0.00
-49.00	0.00	0.00
-48.00	0.00	0.00
-47.00	0.00	0.00
-46.00	0.00	0.00
-45.00	0.00	0.00
-44.00	0.00	0.00
-43.00	0.00	0.00
-42.00	0.00	0.00
-41.00	0.00	0.00
-40.00	0.00	0.00
-39.00	0.00	0.00
-38.00	0.00	0.00
-37.00	0.00	0.00
-36.00	0.00	0.00
-35.00	0.10	0.00
-34.00	0.10	0.00
-33.00	0.10	0.00
-32.00	0.10	0.00
-31.00	0.10	0.00
-30.00	0.10	0.00
-29.00	0.10	0.00
-28.00	0.10	0.00
-27.00	0.10	0.00
-26.00	0.10	0.00
-25.00	0.10	0.00
-24.00	0.10	0.00
-23.00	0.10	0.00
-22.00	0.10	0.00
-21.00	0.10	0.00
-20.00	0.10	0.00
-19.00	0.10	0.00
-18.00	0.10	0.00
-17.00	0.10	0.00
-16.00	0.10	0.00
-15.00	0.10	0.00
-14.00	0.10	0.00
-13.00	0.10	0.00
-12.00	0.10	0.00
-11.00	0.10	0.00
-10.00	0.10	0.00
-9.00	0.14	0.00
-8.00	0.14	0.00
-7.00	0.14	0.00
-6.00	0.14	0.00
-5.00	0.14	0.00
-4.00	0.14	0.00
-3.00	0.14	0.00
-2.00	0.14	0.00
-1.00	0.17	0.00
0.00	0.17	0.00
1.00	0.17	0.00
2.00	0.17	0.00
3.00	0.20	0.00
4.00	0.20	0.00
5.00	0.22	0.00
6.00	0.22	0.00
7.00	0.24	0.00
8.00	0.26	0.00
9.00	0.28	0.00
10.00	0.32	0.00
11.00	0.33	0.00
12.00	0.35	0.00
13.00	0.37	0.00
14.00	0.40	0.00
15.00	0.42	0.00
16.00	0.45	0.00
17.00	0.47	0.00
18.00	0.50	0.00
19.00	0.52	0.00
20.00	0.54	0.00
21.00	0.57	0.00
22.00	0.59	0.00
23.00	0.61	0.00
24.00	0.63	0.00
25.00	0.66	0.00
26.00	0.67	0.00
27.00	0.69	0.01
28.00	0.71	0.01
29.00	0.73	0.01
30.00	0.75	0.01
31.00	0.76	0.01
32.00	0.77	0.02
33.00	0.79	0.02
34.00	0.80	0.03
35.00	0.81	0.04
36.00	0.83	0.04
37.00	0.84	0.05
38.00	0.85	0.05
39.00	0.87	0.07
40.00	0.88	0.08
41.00	0.89	0.09
42.00	0.90	0.12
43.00	0.91	0.14
44.00	0.91	0.17
45.00	0.92	0.18
46.00	0.92	0.22
47.00	0.93	0.23
48.00	0.94	0.29
49.00	0.94	0.29
50.00	0.95	0.35
51.00	0.95	0.38
52.00	0.95	0.45
53.00	0.96	0.50
54.00	0.96	0.52
55.00	0.96	0.57
56.00	0.96	0.59
57.00	0.96	0.61
58.00	0.97	0.66
59.00	0.97	0.67
60.00	0.97	0.69
61.00	0.97	0.69
62.00	0.97	0.73
63.00	0.97	0.74
64.00	0.97	0.75
65.00	0.97	0.76
66.00	0.98	0.81
67.00	0.98	0.81
68.00	0.98	0.82
69.00	0.98	0.82
70.00	0.98	0.83
71.00	0.98	0.87
72.00	0.98	0.88
73.00	0.98	0.88
74.00	0.98	0.88
75.00	0.98	0.89
76.00	0.98	0.89
77.00	0.98	0.90
78.00	0.98	0.90
79.00	0.98	0.90
80.00	0.99	0.94
81.00	0.99	0.94
82.00	0.99	0.94
83.00	0.99	0.94
84.00	0.99	0.94
85.00	0.99	0.94
86.00	0.99	0.95
87.00	0.99	0.95
88.00	0.99	0.95
89.00	0.99	0.95
90.00	0.99	0.95
91.00	0.99	0.96
92.00	0.99	0.96
93.00	0.99	0.98
94.00	0.99	0.98
95.00	0.99	0.98
96.00	0.99	0.98
97.00	0.99	0.98
98.00	0.99	0.98
99.00	0.99	0.98
100.00	0.99	0.98
101.00	0.99	0.99
102.00	0.99	0.99
103.00	0.99	0.99
104.00	0.99	0.99
105.00	0.99	0.99
106.00	0.99	0.99
107.00	0.99	0.99
108.00	0.99	0.99
109.00	0.99	0.99
110.00	0.99	0.99
111.00	0.99	0.99
112.00	0.99	0.99
113.00	0.99	0.99
114.00	0.99	0.99
115.00	0.99	0.99
116.00	0.99	0.99
117.00	0.99	0.99
118.00	0.99	0.99
119.00	0.99	0.99
120.00	0.99	0.99
121.00	0.99	0.99
122.00	0.99	0.99
123.00	0.99	0.99
124.00	0.99	0.99
125.00	0.99	0.99
126.00	1.00	1.00
127.00	1.00	1.00
128.00	1.00	1.00
129.00	1.00	1.00
130.00	1.00	1.00
131.00	1.00	1.00
132.00	1.00	1.00
133.00	1.00	1.00
134.00	1.00	1.00
135.00	1.00	1.00
136.00	1.00	1.00
137.00	1.00	1.00
138.00	1.00	1.00
139.00	1.00	1.00
140.00	1.00	1.00
141.00	1.00	1.00
142.00	1.00	1.00
143.00	1.00	1.00
144.00	1.00	1.00
145.00	1.00	1.00
146.00	1.00	1.00
147.00	1.00	1.00
148.00	1.00	1.00
149.00	1.00	1.00
150.00	1.00	1.00
151.00	1.00	1.00
152.00	1.00	1.00
153.00	1.00	1.00
154.00	1.00	1.00
155.00	1.00	1.00
156.00	1.00	1.00
157.00	1.00	1.00
158.00	1.00	1.00
159.00	1.00	1.00
160.00	1.00	1.00
161.00	1.00	1.00
162.00	1.00	1.00
163.00	1.00	1.00
164.00	1.00	1.00
165.00	1.00	1.00
166.00	1.00	1.00
167.00	1.00	1.00
168.00	1.00	1.00
169.00	1.00	1.00
170.00	1.00	1.00
171.00	1.00	1.00
172.00	1.00	1.00
173.00	1.00	1.00
174.00	1.00	1.00
175.00	1.00	1.00
176.00	1.00	1.00
177.00	1.00	1.00
178.00	1.00	1.00
179.00	1.00	1.00
180.00	1.00	1.00
181.00	1.00	1.00
182.00	1.00	1.00
183.00	1.00	1.00
184.00	1.00	1.00
185.00	1.00	1.00
186.00	1.00	1.00
187.00	1.00	1.00
188.00	1.00	1.00
189.00	1.00	1.00
190.00	1.00	1.00
191.00	1.00	1.00
192.00	1.00	1.00
193.00	1.00	1.00
194.00	1.00	1.00
195.00	1.00	1.00
196.00	1.00	1.00
197.00	1.00	1.00
198.00	1.00	1.00
199.00	1.00	1.00
200.00	1.00	1.00
201.00	1.00	1.00
202.00	1.00	1.00
203.00	1.00	1.00
204.00	1.00	1.00
205.00	1.00	1.00
206.00	1.00	1.00
207.00	1.00	1.00
208.00	1.00	1.00
209.00	1.00	1.00
210.00	1.00	1.00
211.00	1.00	1.00
212.00	1.00	1.00
213.00	1.00	1.00
214.00	1.00	1.00
215.00	1.00	1.00
216.00	1.00	1.00
217.00	1.00	1.00
218.00	1.00	1.00
219.00	1.00	1.00
220.00	1.00	1.00
221.00	1.00	1.00
222.00	1.00	1.00
223.00	1.00	1.00
224.00	1.00	1.00
225.00	1.00	1.00
226.00	1.00	1.00
227.00	1.00	1.00
228.00	1.00	1.00
229.00	1.00	1.00
230.00	1.00	1.00
231.00	1.00	1.00
232.00	1.00	1.00
233.00	1.00	1.00
234.00	1.00	1.00
235.00	1.00	1.00
236.00	1.00	1.00
237.00	1.00	1.00
238.00	1.00	1.00
239.00	1.00	1.00
240.00	1.00	1.00
241.00	1.00	1.00
242.00	1.00	1.00
243.00	1.00	1.00
244.00	1.00	1.00
245.00	1.00	1.00
246.00	1.00	1.00
247.00	1.00	1.00
248.00	1.00	1.00
249.00	1.00	1.00
250.00	1.00	1.00
251.00	1.00	1.00
252.00	1.00	1.00
253.00	1.00	1.00
254.00	1.00	1.00
255.00	1.00	1.00
256.00	1.00	1.00
257.00	1.00	1.00
258.00	1.00	1.00
259.00	1.00	1.00
260.00	1.00	1.00
261.00	1.00	1.00
262.00	1.00	1.00
263.00	1.00	1.00
264.00	1.00	1.00
265.00	1.00	1.00
266.00	1.00	1.00
267.00	1.00	1.00
268.00	1.00	1.00
269.00	1.00	1.00
270.00	1.00	1.00
271.00	1.00	1.00
272.00	1.00	1.00
273.00	1.00	1.00
274.00	1.00	1.00
275.00	1.00	1.00
276.00	1.00	1.00
277.00	1.00	1.00
278.00	1.00	1.00
279.00	1.00	1.00
280.00	1.00	1.00
281.00	1.00	1.00
282.00	1.00	1.00
283.00	1.00	1.00
284.00	1.00	1.00
285.00	1.00	1.00
286.00	1.00	1.00
287.00	1.00	1.00
288.00	1.00	1.00
289.00	1.00	1.00
290.00	1.00	1.00
291.00	1.00	1.00
292.00	1.00	1.00
293.00	1.00	1.00
294.00	1.00	1.00
295.00	1.00	1.00
296.00	1.00	1.00
297.00	1.00	1.00
298.00	1.00	1.00
299.00	1.00	1.00
300.00	1.00	1.00
