-100.00	0.00	0.00
-99.00	0.00	0.00
-98.00	0.00	0.00
-97.00	0.00	0.00
-96.00	0.00	0.00
-95.00	0.00	0.00
-94.00	0.00	0.00
-93.00	0.00	0.00
-92.00	0.00	0.00
-91.00	0.00	0.00
-90.00	0.00	0.00
-89.00	0.00	0.00
-88.00	0.00	0.00
-87.00	0.00	0.00
-86.00	0.00	0.00
-85.00	0.00	0.00
-84.00	0.00	0.00
-83.00	0.00	0.00
-82.00	0.00	0.00
-81.00	0.00	0.00
-80.00	0.00	0.00
-79.00	0.00	0.00
-78.00	0.00	0.00
-77.00	0.00	0.00
-76.00	0.00	0.00
-75.00	0.00	0.00
-74.00	0.00	0.00
-73.00	0.00	0.00
-72.00	0.00	0.00
-71.00	0.00	0.00
-70.00	0.00	0.00
-69.00	0.00	0.00
-68.00	0.00	0.00
-67.00	0.00	0.00
-66.00	0.00	0.00
-65.00	0.00	0.00
-64.00	0.00	0.00
-63.00	0.00	0.00
-62.00	0.00	0.00
-61.00	0.00	0.00
-60.00	0.00	0.00
-59.00	0.00	0.00
-58.00	0.00	0.00
-57.00	0.00	0.00
-56.00	0.00	0.00
-55.00	0.00	0.00
-54.00	0.00	0.00
-53.00	0.00	0.00
-52.00	0.00	0.00
-51.00	0.00	0.00
-50.00	0.00	0.00
-49.00	0.00	0.00
-48.00	0.00	0.00
-47.00	0.00	0.00
-46.00	0.00	0.00
-45.00	0.00	0.00
-44.00	0.00	0.00
-43.00	0.00	0.00
-42.00	0.00	0.00
-41.00	0.00	0.00
-40.00	0.00	0.00
-39.00	0.00	0.00
-38.00	0.00	0.00
-37.00	0.00	0.00
-36.00	0.00	0.00
-35.00	0.00	0.00
-34.00	0.00	0.00
-33.00	0.00	0.00
-32.00	0.00	0.00
-31.00	0.00	0.00
-30.00	0.00	0.00
-29.00	0.00	0.00
-28.00	0.00	0.00
-27.00	0.00	0.00
-26.00	0.00	0.00
-25.00	0.00	0.00
-24.00	0.00	0.00
-23.00	0.00	0.00
-22.00	0.00	0.00
-21.00	0.00	0.00
-20.00	0.00	0.00
-19.00	0.00	0.00
-18.00	0.00	0.00
-17.00	0.00	0.00
-16.00	0.00	0.00
-15.00	0.00	0.00
-14.00	0.00	0.00
-13.00	0.00	0.00
-12.00	0.00	0.00
-11.00	0.00	0.00
-10.00	0.00	0.00
-9.00	0.00	0.00
-8.00	0.00	0.00
-7.00	0.00	0.00
-6.00	0.00	0.00
-5.00	0.00	0.00
-4.00	0.00	0.00
-3.00	0.00	0.00
-2.00	0.00	0.00
-1.00	0.00	0.00
0.00	0.00	0.00
1.00	0.00	0.00
2.00	0.00	0.00
3.00	0.00	0.00
4.00	0.00	0.00
5.00	0.00	0.00
6.00	0.00	0.00
7.00	0.00	0.00
8.00	0.00	0.00
9.00	0.00	0.00
10.00	0.00	0.00
11.00	0.00	0.00
12.00	0.00	0.00
13.00	0.00	0.00
14.00	0.10	0.00
15.00	0.10	0.00
16.00	0.10	0.00
17.00	0.10	0.00
18.00	0.10	0.00
19.00	0.10	0.00
20.00	0.10	0.00
21.00	0.10	0.00
22.00	0.10	0.00
23.00	0.10	0.00
24.00	0.10	0.00
25.00	0.10	0.00
26.00	0.10	0.00
27.00	0.14	0.00
28.00	0.14	0.00
29.00	0.14	0.00
30.00	0.14	0.00
31.00	0.14	0.00
32.00	0.17	0.00
33.00	0.17	0.00
34.00	0.17	0.00
35.00	0.20	0.00
36.00	0.20	0.00
37.00	0.20	0.00
38.00	0.20	0.00
39.00	0.22	0.00
40.00	0.22	0.00
41.00	0.22	0.00
42.00	0.24	0.00
43.00	0.26	0.00
44.00	0.28	0.00
45.00	0.28	0.00
46.00	0.30	0.00
47.00	0.30	0.00
48.00	0.32	0.01
49.00	0.32	0.01
50.00	0.33	0.01
51.00	0.35	0.01
52.00	0.37	0.01
53.00	0.39	0.02
54.00	0.40	0.02
55.00	0.41	0.02
56.00	0.42	0.02
57.00	0.44	0.03
58.00	0.45	0.03
59.00	0.46	0.03
60.00	0.47	0.04
61.00	0.47	0.04
62.00	0.47	0.04
63.00	0.48	0.04
64.00	0.49	0.05
65.00	0.50	0.05
66.00	0.51	0.06
67.00	0.52	0.06
68.00	0.53	0.07
69.00	0.53	0.07
70.00	0.54	0.08
71.00	0.54	0.08
72.00	0.56	0.09
73.00	0.56	0.09
74.00	0.57	0.10
75.00	0.58	0.12
76.00	0.58	0.12
77.00	0.59	0.12
78.00	0.60	0.13
79.00	0.61	0.15
80.00	0.62	0.16
81.00	0.62	0.17
82.00	0.62	0.17
83.00	0.63	0.18
84.00	0.64	0.19
85.00	0.64	0.19
86.00	0.65	0.21
87.00	0.66	0.22
88.00	0.66	0.23
89.00	0.67	0.25
90.00	0.68	0.26
91.00	0.69	0.28
92.00	0.69	0.30
93.00	0.71	0.33
94.00	0.71	0.35
95.00	0.72	0.37
96.00	0.73	0.40
97.00	0.74	0.42
98.00	0.75	0.44
99.00	0.75	0.46
100.00	0.75	0.46
101.00	0.77	0.50
102.00	0.77	0.53
103.00	0.78	0.55
104.00	0.80	0.61
105.00	0.81	0.65
106.00	0.82	0.67
107.00	0.82	0.69
108.00	0.83	0.71
109.00	0.84	0.73
110.00	0.84	0.73
111.00	0.84	0.73
112.00	0.84	0.75
113.00	0.85	0.77
114.00	0.85	0.78
115.00	0.86	0.80
116.00	0.86	0.80
117.00	0.87	0.82
118.00	0.87	0.83
119.00	0.88	0.85
120.00	0.88	0.85
121.00	0.88	0.85
122.00	0.88	0.86
123.00	0.89	0.87
124.00	0.89	0.89
125.00	0.89	0.89
126.00	0.90	0.90
127.00	0.90	0.90
128.00	0.90	0.90
129.00	0.91	0.91
130.00	0.91	0.92
131.00	0.91	0.92
132.00	0.91	0.92
133.00	0.92	0.93
134.00	0.92	0.94
135.00	0.92	0.94
136.00	0.93	0.95
137.00	0.93	0.95
138.00	0.93	0.96
139.00	0.94	0.96
140.00	0.94	0.96
141.00	0.94	0.96
142.00	0.94	0.96
143.00	0.94	0.96
144.00	0.94	0.97
145.00	0.94	0.97
146.00	0.95	0.98
147.00	0.95	0.98
148.00	0.95	0.98
149.00	0.95	0.98
150.00	0.95	0.98
151.00	0.96	0.98
152.00	0.96	0.98
153.00	0.96	0.98
154.00	0.96	0.98
155.00	0.96	0.98
156.00	0.96	0.98
157.00	0.96	0.98
158.00	0.96	0.98
159.00	0.96	0.98
160.00	0.96	0.98
161.00	0.96	0.98
162.00	0.96	0.99
163.00	0.96	0.99
164.00	0.96	0.99
165.00	0.97	0.99
166.00	0.97	0.99
167.00	0.97	0.99
168.00	0.97	0.99
169.00	0.97	0.99
170.00	0.97	0.99
171.00	0.97	0.99
172.00	0.97	0.99
173.00	0.98	1.00
174.00	0.98	1.00
175.00	0.98	1.00
176.00	0.98	1.00
177.00	0.98	1.00
178.00	0.98	1.00
179.00	0.98	1.00
180.00	0.98	1.00
181.00	0.98	1.00
182.00	0.98	1.00
183.00	0.98	1.00
184.00	0.98	1.00
185.00	0.98	1.00
186.00	0.98	1.00
187.00	0.98	1.00
188.00	0.98	1.00
189.00	0.98	1.00
190.00	0.99	1.00
191.00	0.99	1.00
192.00	0.99	1.00
193.00	0.99	1.00
194.00	0.99	1.00
195.00	0.99	1.00
196.00	0.99	1.00
197.00	0.99	1.00
198.00	0.99	1.00
199.00	0.99	1.00
200.00	0.99	1.00
201.00	0.99	1.00
202.00	0.99	1.00
203.00	0.99	1.00
204.00	0.99	1.00
205.00	0.99	1.00
206.00	0.99	1.00
207.00	0.99	1.00
208.00	0.99	1.00
209.00	0.99	1.00
210.00	0.99	1.00
211.00	0.99	1.00
212.00	0.99	1.00
213.00	1.00	1.00
214.00	1.00	1.00
215.00	1.00	1.00
216.00	1.00	1.00
217.00	1.00	1.00
218.00	1.00	1.00
219.00	1.00	1.00
220.00	1.00	1.00
221.00	1.00	1.00
222.00	1.00	1.00
223.00	1.00	1.00
224.00	1.00	1.00
225.00	1.00	1.00
226.00	1.00	1.00
227.00	1.00	1.00
228.00	1.00	1.00
229.00	1.00	1.00
230.00	1.00	1.00
231.00	1.00	1.00
232.00	1.00	1.00
233.00	1.00	1.00
234.00	1.00	1.00
235.00	1.00	1.00
236.00	1.00	1.00
237.00	1.00	1.00
238.00	1.00	1.00
239.00	1.00	1.00
240.00	1.00	1.00
241.00	1.00	1.00
242.00	1.00	1.00
243.00	1.00	1.00
244.00	1.00	1.00
245.00	1.00	1.00
246.00	1.00	1.00
247.00	1.00	1.00
248.00	1.00	1.00
249.00	1.00	1.00
250.00	1.00	1.00
251.00	1.00	1.00
252.00	1.00	1.00
253.00	1.00	1.00
254.00	1.00	1.00
255.00	1.00	1.00
256.00	1.00	1.00
257.00	1.00	1.00
258.00	1.00	1.00
259.00	1.00	1.00
260.00	1.00	1.00
261.00	1.00	1.00
262.00	1.00	1.00
263.00	1.00	1.00
264.00	1.00	1.00
265.00	1.00	1.00
266.00	1.00	1.00
267.00	1.00	1.00
268.00	1.00	1.00
269.00	1.00	1.00
270.00	1.00	1.00
271.00	1.00	1.00
272.00	1.00	1.00
273.00	1.00	1.00
274.00	1.00	1.00
275.00	1.00	1.00
276.00	1.00	1.00
277.00	1.00	1.00
278.00	1.00	1.00
279.00	1.00	1.00
280.00	1.00	1.00
281.00	1.00	1.00
282.00	1.00	1.00
283.00	1.00	1.00
284.00	1.00	1.00
285.00	1.00	1.00
286.00	1.00	1.00
287.00	1.00	1.00
288.00	1.00	1.00
289.00	1.00	1.00
290.00	1.00	1.00
291.00	1.00	1.00
292.00	1.00	1.00
293.00	1.00	1.00
294.00	1.00	1.00
295.00	1.00	1.00
296.00	1.00	1.00
297.00	1.00	1.00
298.00	1.00	1.00
299.00	1.00	1.00
300.00	1.00	1.00
